Seed Value:- 61
1 , -0.8048960345675382 , 0.8048960345675382
2 , -1.5953142417996344 , 1.5953142417996344
3 , -0.778579384736848 , 0.778579384736848
4 , -0.9547077557102827 , 0.9547077557102827
5 , -0.6460984385147903 , 0.6460984385147903
6 , -0.8259565505289799 , 0.8259565505289799
7 , -0.34172805797814076 , 0.34172805797814076
8 , -9.158239185467917 , 9.158239185467917
9 , -54.18055522600007 , 54.18055522600007
10 , -6.5411561310858035 , 6.5411561310858035
11 , -0.32939135970979194 , 0.32939135970979194
12 , -0.5055924830129486 , 0.5055924830129486
13 , -0.8037923476574934 , 0.8037923476574934
14 , -1.944425262272836 , 1.944425262272836
15 , -2.2333320455114456 , 2.2333320455114456
16 , -1.7408547685764202 , 1.7408547685764202
17 , -0.24709111287207547 , 0.24709111287207547
18 , -0.8263234863632811 , 0.8263234863632811
19 , -0.6606503022739283 , 0.6606503022739283
20 , -0.7277315594141728 , 0.7277315594141728
21 , -0.5057745368760144 , 0.5057745368760144
22 , -1.050704503347704 , 1.050704503347704
23 , -0.5369791923521499 , 0.5369791923521499
24 , -0.2829866794367769 , 0.2829866794367769
25 , -0.232896924421859 , 0.232896924421859
26 , -0.765927362858076 , 0.765927362858076
27 , -0.19059874107569652 , 0.19059874107569652
28 , -0.36021743310297 , 0.36021743310297
29 , -0.27920582424618356 , 0.27920582424618356
30 , -0.4834737977114787 , 0.4834737977114787
31 , -0.261099767518581 , 0.261099767518581
32 , -0.9782166186491664 , 0.9782166186491664
33 , -0.4126024590276754 , 0.4126024590276754
34 , -0.26872402666156425 , 0.26872402666156425
35 , -0.34120740978960845 , 0.34120740978960845
36 , -0.3724282657335394 , 0.3724282657335394
37 , -0.49502816012896933 , 0.49502816012896933
38 , -0.5482607266128312 , 0.5482607266128312
39 , -0.31943533995187373 , 0.31943533995187373
40 , -0.9867660777471234 , 0.9867660777471234
41 , -0.4083930352654126 , 0.4083930352654126
42 , -0.40650887578265144 , 0.40650887578265144
43 , -0.5440122849392217 , 0.5440122849392217
44 , -0.17201304158709402 , 0.17201304158709402
45 , -0.21229517631140243 , 0.21229517631140243
46 , -0.37612206390399294 , 0.37612206390399294
47 , -0.07865306989100498 , 0.07865306989100498
48 , -0.2125595912230626 , 0.2125595912230626
49 , -0.6213882831747031 , 0.6213882831747031
50 , -0.4690330792470405 , 0.4690330792470405
51 , -0.23068602056924128 , 0.23068602056924128
52 , -0.23366242096724632 , 0.23366242096724632
53 , -0.4569179839234899 , 0.4569179839234899
54 , -0.4844939079400332 , 0.4844939079400332
55 , -0.24961250100955137 , 0.24961250100955137
56 , -0.2014735254396251 , 0.2014735254396251
57 , -0.39653088777647216 , 0.39653088777647216
58 , -0.8290928011574309 , 0.8290928011574309
59 , -0.5654050460534886 , 0.5654050460534886
60 , -0.8525791690934277 , 0.8525791690934277
61 , -0.41251065053805 , 0.41251065053805
62 , -0.1923482410952129 , 0.1923482410952129
63 , -0.17064546478304557 , 0.17064546478304557
64 , -0.6358266344503998 , 0.6358266344503998
65 , -0.3541122300342916 , 0.3541122300342916
66 , -0.41005542895515096 , 0.41005542895515096
67 , -0.24846079638562213 , 0.24846079638562213
68 , -0.426341136036343 , 0.426341136036343
69 , -0.3475990525843987 , 0.3475990525843987
70 , -0.33491244095855155 , 0.33491244095855155
71 , -0.46994802745054626 , 0.46994802745054626
72 , -0.08913009111265854 , 0.08913009111265854
73 , -0.29077584259320527 , 0.29077584259320527
74 , -0.4877141331764401 , 0.4877141331764401
75 , -0.43311290424722854 , 0.43311290424722854
76 , -0.48922329397339187 , 0.48922329397339187
77 , -0.3124503329735536 , 0.3124503329735536
78 , -0.35219646160169393 , 0.35219646160169393
79 , -0.8725381266638981 , 0.8725381266638981
80 , -0.3438083159949086 , 0.3438083159949086
81 , -0.10327106634482319 , 0.10327106634482319
82 , -0.9061517872483172 , 0.9061517872483172
83 , -0.21174979763656462 , 0.21174979763656462
84 , -0.3851693596391792 , 0.3851693596391792
85 , -0.3155429087084919 , 0.3155429087084919
86 , -0.21735698193647002 , 0.21735698193647002
87 , -0.18473178746742921 , 0.18473178746742921
88 , -0.8541414312501604 , 0.8541414312501604
89 , -0.32633770198963197 , 0.32633770198963197
90 , -0.2156517971380653 , 0.2156517971380653
91 , -0.7798113225203586 , 0.7798113225203586
92 , -0.16807587786760161 , 0.16807587786760161
93 , -0.25856821246791256 , 0.25856821246791256
94 , -0.10720011964815694 , 0.10720011964815694
95 , -0.3992391789821021 , 0.3992391789821021
96 , -0.1629455555402974 , 0.1629455555402974
97 , -0.28682623170222354 , 0.28682623170222354
98 , -0.14481288123555794 , 0.14481288123555794
99 , -0.2848688427403285 , 0.2848688427403285
100 , -0.424192247794422 , 0.424192247794422
101 , -0.41183061203689936 , 0.41183061203689936
102 , -0.3760694857772475 , 0.3760694857772475
103 , -0.5822687778867149 , 0.5822687778867149
104 , -0.19273567935296898 , 0.19273567935296898
105 , -0.5379810763570085 , 0.5379810763570085
106 , -0.2489989271996549 , 0.2489989271996549
107 , -0.21513054557820788 , 0.21513054557820788
108 , -0.3886624923567993 , 0.3886624923567993
109 , -0.28076918439061754 , 0.28076918439061754
110 , -1.1252505477500818 , 1.1252505477500818
111 , -0.25937645809491816 , 0.25937645809491816
112 , -0.2012204991392257 , 0.2012204991392257
113 , -0.43528018650477096 , 0.43528018650477096
114 , -0.3869193488810113 , 0.3869193488810113
115 , -0.5660903625563122 , 0.5660903625563122
116 , -0.35949982090609456 , 0.35949982090609456
117 , -0.8608552019910766 , 0.8608552019910766
118 , -0.39163207089117336 , 0.39163207089117336
119 , -0.7573517659065301 , 0.7573517659065301
120 , -0.19950231588786696 , 0.19950231588786696
121 , -0.6196872945955277 , 0.6196872945955277
122 , -0.3913302258280176 , 0.3913302258280176
123 , -0.49203157467984754 , 0.49203157467984754
124 , -0.5292417527074454 , 0.5292417527074454
125 , -0.3442070330582563 , 0.3442070330582563
126 , -0.23216742306901775 , 0.23216742306901775
127 , -0.30428046028853695 , 0.30428046028853695
128 , -0.23619303902100175 , 0.23619303902100175
129 , -0.20809763998741274 , 0.20809763998741274
130 , -0.5200393037599738 , 0.5200393037599738
131 , -0.35728206029090515 , 0.35728206029090515
132 , -0.3281947718576583 , 0.3281947718576583
133 , -0.24193400047498798 , 0.24193400047498798
134 , -0.15967579459530765 , 0.15967579459530765
135 , -0.13885378052447644 , 0.13885378052447644
136 , -0.6720018754726356 , 0.6720018754726356
137 , -0.6701974693318695 , 0.6701974693318695
138 , -0.24559735805239027 , 0.24559735805239027
139 , -0.22069425007139043 , 0.22069425007139043
140 , -0.14917258689106364 , 0.14917258689106364
141 , -0.21931174502893241 , 0.21931174502893241
142 , -0.3066795268160437 , 0.3066795268160437
143 , -0.5938812301091407 , 0.5938812301091407
144 , -0.22407020089349375 , 0.22407020089349375
145 , -0.9036417434665989 , 0.9036417434665989
146 , -0.23134964498627755 , 0.23134964498627755
147 , -0.26163087693619447 , 0.26163087693619447
148 , -0.32228997004836263 , 0.32228997004836263
149 , -0.25257815667987155 , 0.25257815667987155
150 , -0.3208068753364851 , 0.3208068753364851
151 , -0.260808612150041 , 0.260808612150041
152 , -0.5104919841899858 , 0.5104919841899858
153 , -0.456108822478103 , 0.456108822478103
154 , -0.6834698846984323 , 0.6834698846984323
155 , -0.13665886052056092 , 0.13665886052056092
156 , -0.4626264845785904 , 0.4626264845785904
157 , -0.3331647119304468 , 0.3331647119304468
158 , -0.18809015201327367 , 0.18809015201327367
159 , -0.3349856452882028 , 0.3349856452882028
160 , -0.22146350599254683 , 0.22146350599254683
161 , -0.5344847140212572 , 0.5344847140212572
162 , -0.45737448992332724 , 0.45737448992332724
163 , -0.39321406474956394 , 0.39321406474956394
164 , -0.7602449163435314 , 0.7602449163435314
165 , -0.2609381092984811 , 0.2609381092984811
166 , -0.29431670262671283 , 0.29431670262671283
167 , -0.44042734748299933 , 0.44042734748299933
168 , -1.158561866314183 , 1.158561866314183
169 , -0.3641329083768316 , 0.3641329083768316
170 , -0.2224928302703086 , 0.2224928302703086
171 , -0.42331564740447547 , 0.42331564740447547
172 , -0.33072870779044056 , 0.33072870779044056
173 , -0.5085746566780373 , 0.5085746566780373
174 , -0.3695452990088694 , 0.3695452990088694
175 , -0.2641674021535432 , 0.2641674021535432
176 , -0.46624593445615836 , 0.46624593445615836
177 , -0.1346111384418305 , 0.1346111384418305
178 , -0.5309993213124036 , 0.5309993213124036
179 , -0.3397784642742133 , 0.3397784642742133
180 , -0.2090988706378089 , 0.2090988706378089
181 , -0.3595462304531448 , 0.3595462304531448
182 , -0.17614744362318172 , 0.17614744362318172
183 , -0.6521042474939569 , 0.6521042474939569
184 , -0.44425072023647416 , 0.44425072023647416
185 , -0.16777993429056126 , 0.16777993429056126
186 , -0.6760894443132281 , 0.6760894443132281
187 , -0.47263045738713 , 0.47263045738713
188 , -0.5100540458070074 , 0.5100540458070074
189 , -0.244169034796042 , 0.244169034796042
190 , -0.5014720793108425 , 0.5014720793108425
191 , -0.12902748516346335 , 0.12902748516346335
192 , -0.15409159889958315 , 0.15409159889958315
193 , -0.2417012758556906 , 0.2417012758556906
194 , -0.2974164982572733 , 0.2974164982572733
195 , -0.22259289914269692 , 0.22259289914269692
196 , -0.5813848249811258 , 0.5813848249811258
197 , -0.3235298381713991 , 0.3235298381713991
198 , -0.7662497075959535 , 0.7662497075959535
199 , -0.6298776136422565 , 0.6298776136422565
200 , -0.302144233704829 , 0.302144233704829
201 , -0.4771935793143387 , 0.4771935793143387
202 , -0.14453617683705908 , 0.14453617683705908
203 , -0.35435722446277573 , 0.35435722446277573
204 , -0.30949673680201273 , 0.30949673680201273
205 , -0.38362336592213125 , 0.38362336592213125
206 , -0.29908976445192126 , 0.29908976445192126
207 , -0.8086294764199324 , 0.8086294764199324
208 , -0.3462013968565338 , 0.3462013968565338
209 , -0.2212495330146877 , 0.2212495330146877
210 , -0.15899053204360647 , 0.15899053204360647
211 , -0.29716481620659396 , 0.29716481620659396
212 , -0.4346529667937691 , 0.4346529667937691
213 , -0.34857695212810996 , 0.34857695212810996
214 , -0.4552031965161004 , 0.4552031965161004
215 , -0.4916485623526361 , 0.4916485623526361
216 , -0.22200692064935998 , 0.22200692064935998
217 , -0.29432277561216585 , 0.29432277561216585
218 , -0.3092886364957664 , 0.3092886364957664
219 , -0.551383110120329 , 0.551383110120329
220 , -0.32478231262256474 , 0.32478231262256474
221 , -0.3916250696922063 , 0.3916250696922063
222 , -0.47196855373874674 , 0.47196855373874674
223 , -0.5879277206037506 , 0.5879277206037506
224 , -0.30339566974497467 , 0.30339566974497467
225 , -0.4240507392568727 , 0.4240507392568727
226 , -0.5022595323484792 , 0.5022595323484792
227 , -0.9766720695529696 , 0.9766720695529696
228 , -1.2507600831318777 , 1.2507600831318777
229 , -0.5816703394537105 , 0.5816703394537105
230 , -0.3222876728598736 , 0.3222876728598736
231 , -0.3692955376195801 , 0.3692955376195801
232 , -0.3896116450797735 , 0.3896116450797735
233 , -0.25203409753655603 , 0.25203409753655603
234 , -0.3930806910027564 , 0.3930806910027564
235 , -0.8392590970247628 , 0.8392590970247628
236 , -0.1888848847725624 , 0.1888848847725624
237 , -0.7595310530690993 , 0.7595310530690993
238 , -0.6767162833953945 , 0.6767162833953945
239 , -0.5526741735368215 , 0.5526741735368215
240 , -0.7228661431712331 , 0.7228661431712331
241 , -0.4765132709599352 , 0.4765132709599352
242 , -0.2058714762939489 , 0.2058714762939489
243 , -0.19617403972898934 , 0.19617403972898934
244 , -0.13238145917680902 , 0.13238145917680902
245 , -0.3196709131304816 , 0.3196709131304816
246 , -0.1805056770072061 , 0.1805056770072061
247 , -0.7269129432315051 , 0.7269129432315051
248 , -0.2922737432367689 , 0.2922737432367689
249 , -0.42785728344539486 , 0.42785728344539486
250 , -0.3543014966136578 , 0.3543014966136578
251 , -0.524906644488268 , 0.524906644488268
252 , -0.38246721313359744 , 0.38246721313359744
253 , -0.24844599116021962 , 0.24844599116021962
254 , -0.3546391113095475 , 0.3546391113095475
255 , -0.5449755827100716 , 0.5449755827100716
256 , -0.4489956782717022 , 0.4489956782717022
257 , -0.24215058492242936 , 0.24215058492242936
258 , -0.3169225167719909 , 0.3169225167719909
259 , -0.7091458080881711 , 0.7091458080881711
260 , -0.22844176804862648 , 0.22844176804862648
261 , -0.38731260730002215 , 0.38731260730002215
262 , -0.9699234505134094 , 0.9699234505134094
263 , -0.4208468565995018 , 0.4208468565995018
264 , -0.9595395787709674 , 0.9595395787709674
265 , -0.19600543601544046 , 0.19600543601544046
266 , -0.425110221824427 , 0.425110221824427
267 , -0.2678038408008902 , 0.2678038408008902
268 , -0.24467035196900602 , 0.24467035196900602
269 , -0.7468388639123162 , 0.7468388639123162
270 , -0.10159543194386116 , 0.10159543194386116
271 , -0.2507935585065537 , 0.2507935585065537
272 , -0.3562947408392636 , 0.3562947408392636
273 , -0.31952715315879543 , 0.31952715315879543
274 , -0.8362722615316861 , 0.8362722615316861
275 , -0.40262006739291184 , 0.40262006739291184
276 , -0.08976341710183268 , 0.08976341710183268
277 , -0.5986690793659148 , 0.5986690793659148
278 , -0.4820309769994475 , 0.4820309769994475
279 , -0.29192751717582727 , 0.29192751717582727
280 , -0.31053739683236525 , 0.31053739683236525
281 , -0.24680357047451676 , 0.24680357047451676
282 , -1.199259836616441 , 1.199259836616441
283 , -0.20784747825936825 , 0.20784747825936825
284 , -0.27580799242216103 , 0.27580799242216103
285 , -0.31424464007786956 , 0.31424464007786956
286 , -0.37906469639594725 , 0.37906469639594725
287 , -0.6652660907045655 , 0.6652660907045655
288 , -0.6118685737825587 , 0.6118685737825587
289 , -0.20322328280868723 , 0.20322328280868723
290 , -0.9722781630162927 , 0.9722781630162927
291 , -0.10966889581385728 , 0.10966889581385728
292 , -1.242583979417615 , 1.242583979417615
293 , -0.24189277984563937 , 0.24189277984563937
294 , -0.343422777668195 , 0.343422777668195
295 , -0.1699858899475212 , 0.1699858899475212
296 , -0.3272015835862005 , 0.3272015835862005
297 , -0.7001809197952373 , 0.7001809197952373
298 , -0.2878909741033436 , 0.2878909741033436
299 , -0.1543391329913194 , 0.1543391329913194
300 , -0.44236180725296814 , 0.44236180725296814
301 , -0.23632103600961324 , 0.23632103600961324
302 , -0.2578432030688317 , 0.2578432030688317
303 , -0.2624248845775964 , 0.2624248845775964
304 , -0.6967268747918225 , 0.6967268747918225
305 , -0.21929852935183994 , 0.21929852935183994
306 , -0.7870742587622916 , 0.7870742587622916
307 , -0.1754042323434198 , 0.1754042323434198
308 , -0.2885199575304231 , 0.2885199575304231
309 , -0.3157862194869709 , 0.3157862194869709
310 , -0.23415276919948735 , 0.23415276919948735
311 , -0.2289723764916609 , 0.2289723764916609
312 , -0.4374597799297692 , 0.4374597799297692
313 , -0.3526736230992164 , 0.3526736230992164
314 , -0.2927045112417097 , 0.2927045112417097
315 , -0.45262227208055306 , 0.45262227208055306
316 , -0.18101052101876153 , 0.18101052101876153
317 , -0.6068325467294023 , 0.6068325467294023
318 , -0.7475580227656848 , 0.7475580227656848
319 , -0.1346426288412655 , 0.1346426288412655
320 , -0.15257686318783728 , 0.15257686318783728
321 , -0.39133914372642814 , 0.39133914372642814
322 , -0.19557101127314608 , 0.19557101127314608
323 , -0.574328666171074 , 0.574328666171074
324 , -0.7425834345306379 , 0.7425834345306379
325 , -0.19510296694638035 , 0.19510296694638035
326 , -0.1045650145251194 , 0.1045650145251194
327 , -0.3374728672390431 , 0.3374728672390431
328 , -0.5084405398514477 , 0.5084405398514477
329 , -0.14615068263921938 , 0.14615068263921938
330 , -0.6766104696117876 , 0.6766104696117876
331 , -0.14017119612949624 , 0.14017119612949624
332 , -0.322171333906328 , 0.322171333906328
333 , -0.22820834867034492 , 0.22820834867034492
334 , -0.13003360098094077 , 0.13003360098094077
335 , -0.4161852492277125 , 0.4161852492277125
336 , -0.4373101651126851 , 0.4373101651126851
337 , -0.3892616624878056 , 0.3892616624878056
338 , -0.24933168661096405 , 0.24933168661096405
339 , -0.8546773126436961 , 0.8546773126436961
340 , -0.3019075042554114 , 0.3019075042554114
341 , -0.8809899796625229 , 0.8809899796625229
342 , -0.3290758403990563 , 0.3290758403990563
343 , -0.41563595506679424 , 0.41563595506679424
344 , -0.15607029786369203 , 0.15607029786369203
345 , -0.30907748559737724 , 0.30907748559737724
346 , -0.21605063240896796 , 0.21605063240896796
347 , -0.2627359050758742 , 0.2627359050758742
348 , -0.12987706113022413 , 0.12987706113022413
349 , -0.18432393069330125 , 0.18432393069330125
350 , -0.22537682213195442 , 0.22537682213195442
351 , -0.1958757699647127 , 0.1958757699647127
352 , -0.27010276535190775 , 0.27010276535190775
353 , -0.23320426266654085 , 0.23320426266654085
354 , -0.5089043660868938 , 0.5089043660868938
355 , -0.3324081703277285 , 0.3324081703277285
356 , -0.3795072905902329 , 0.3795072905902329
357 , -0.3409330144739922 , 0.3409330144739922
358 , -0.9779692128698284 , 0.9779692128698284
359 , -0.26358616712144234 , 0.26358616712144234
360 , -0.47707640414249275 , 0.47707640414249275
361 , -0.6522430060137258 , 0.6522430060137258
362 , -0.230913616592517 , 0.230913616592517
363 , -0.3799223437603396 , 0.3799223437603396
364 , -0.9394414085871855 , 0.9394414085871855
365 , -0.383649423850705 , 0.383649423850705
366 , -0.1675372810393282 , 0.1675372810393282
367 , -0.2899738752612155 , 0.2899738752612155
368 , -0.3336581919994027 , 0.3336581919994027
369 , -0.4564372190727878 , 0.4564372190727878
370 , -0.5094789922879551 , 0.5094789922879551
371 , -0.12575394247064875 , 0.12575394247064875
372 , -0.19321731005506518 , 0.19321731005506518
373 , -0.12649991301823174 , 0.12649991301823174
374 , -0.2304747944179175 , 0.2304747944179175
375 , -0.3428576850630124 , 0.3428576850630124
376 , -0.4640651196879684 , 0.4640651196879684
377 , -0.9090320406864906 , 0.9090320406864906
378 , -0.2651359097525335 , 0.2651359097525335
379 , -0.5221188251789557 , 0.5221188251789557
380 , -0.7471413135009815 , 0.7471413135009815
381 , -0.3966948572618887 , 0.3966948572618887
382 , -0.15286880893151866 , 0.15286880893151866
383 , -0.2242336327747341 , 0.2242336327747341
384 , -0.24639299464838918 , 0.24639299464838918
385 , -0.32203241920908915 , 0.32203241920908915
386 , -0.1264963873853558 , 0.1264963873853558
387 , -0.31137796810022783 , 0.31137796810022783
388 , -0.27084048506077046 , 0.27084048506077046
389 , -0.7625529686333445 , 0.7625529686333445
390 , -0.9798017868239336 , 0.9798017868239336
391 , -0.4892984864667942 , 0.4892984864667942
392 , -0.2740169225557548 , 0.2740169225557548
393 , -0.3846301406912147 , 0.3846301406912147
394 , -0.34904735200718096 , 0.34904735200718096
395 , -0.7095157769075316 , 0.7095157769075316
396 , -0.2708787712299687 , 0.2708787712299687
397 , -0.33688426009576317 , 0.33688426009576317
398 , -0.2130952496446392 , 0.2130952496446392
399 , -0.30910746539233563 , 0.30910746539233563
400 , -0.3059910464029673 , 0.3059910464029673
401 , -0.16891811515613492 , 0.16891811515613492
402 , -0.5629214293847199 , 0.5629214293847199
403 , -0.5209316032563363 , 0.5209316032563363
404 , -0.35297115391570394 , 0.35297115391570394
405 , -1.0521953347528732 , 1.0521953347528732
406 , -0.1877119147690165 , 0.1877119147690165
407 , -0.26449179266819794 , 0.26449179266819794
408 , -0.3671019241159355 , 0.3671019241159355
409 , -0.14010281985076828 , 0.14010281985076828
410 , -0.29283075544739895 , 0.29283075544739895
411 , -0.23168673411072982 , 0.23168673411072982
412 , -0.529299303128059 , 0.529299303128059
413 , -0.37601455385509097 , 0.37601455385509097
414 , -0.2597833068592014 , 0.2597833068592014
415 , -0.32931459428871046 , 0.32931459428871046
416 , -0.6821635760602118 , 0.6821635760602118
417 , -0.29989153370346094 , 0.29989153370346094
418 , -0.5447171691701947 , 0.5447171691701947
419 , -0.4107605654412276 , 0.4107605654412276
420 , -0.229757125297582 , 0.229757125297582
421 , -0.3107641951576846 , 0.3107641951576846
422 , -0.5350299780390335 , 0.5350299780390335
423 , -0.14508952690773566 , 0.14508952690773566
424 , -0.1610808795277648 , 0.1610808795277648
425 , -0.6756391752782293 , 0.6756391752782293
426 , -0.24694529460243367 , 0.24694529460243367
427 , -0.4207828468150225 , 0.4207828468150225
428 , -0.7919312254070446 , 0.7919312254070446
429 , -0.3144486308292472 , 0.3144486308292472
430 , -0.42294462539784156 , 0.42294462539784156
431 , -0.39055761000466976 , 0.39055761000466976
432 , -0.4973189500079932 , 0.4973189500079932
433 , -0.4218103326849472 , 0.4218103326849472
434 , -0.4721814664369702 , 0.4721814664369702
435 , -0.10512157724058455 , 0.10512157724058455
436 , -0.20382949071537068 , 0.20382949071537068
437 , -0.21760686449438815 , 0.21760686449438815
438 , -0.4285423003926295 , 0.4285423003926295
439 , -0.6778670307238174 , 0.6778670307238174
440 , -0.4355666042437426 , 0.4355666042437426
441 , -0.4918798273339229 , 0.4918798273339229
442 , -0.34534013779340306 , 0.34534013779340306
443 , -0.5558876917027923 , 0.5558876917027923
444 , -0.28599736723224434 , 0.28599736723224434
445 , -0.2172630235101121 , 0.2172630235101121
446 , -0.603782079808745 , 0.603782079808745
447 , -0.34804980163967814 , 0.34804980163967814
448 , -0.07609840245139919 , 0.07609840245139919
449 , -0.5308936361867729 , 0.5308936361867729
450 , -0.22311132385268254 , 0.22311132385268254
451 , -0.35407100245744544 , 0.35407100245744544
452 , -0.10882613954514161 , 0.10882613954514161
453 , -0.6317813953297189 , 0.6317813953297189
454 , -0.26664797987213157 , 0.26664797987213157
455 , -0.6199180724813217 , 0.6199180724813217
456 , -0.18144071598750752 , 0.18144071598750752
457 , -0.7684575633706993 , 0.7684575633706993
458 , -0.6611432934497526 , 0.6611432934497526
459 , -0.5859984336277949 , 0.5859984336277949
460 , -0.3992770648475386 , 0.3992770648475386
461 , -0.2352756167193731 , 0.2352756167193731
462 , -0.2075632402936597 , 0.2075632402936597
463 , -0.356683034330998 , 0.356683034330998
464 , -0.11475390364823404 , 0.11475390364823404
465 , -0.3037610050874102 , 0.3037610050874102
466 , -0.24500550679665006 , 0.24500550679665006
467 , -0.46259031905524567 , 0.46259031905524567
468 , -1.3584207724910053 , 1.3584207724910053
469 , -0.5452803211367743 , 0.5452803211367743
470 , -0.30087142537710837 , 0.30087142537710837
471 , -0.29290860306890687 , 0.29290860306890687
472 , -0.29342529522755667 , 0.29342529522755667
473 , -0.30400869718445395 , 0.30400869718445395
474 , -0.3796071127113345 , 0.3796071127113345
475 , -0.36032758419655614 , 0.36032758419655614
476 , -0.58307960234757 , 0.58307960234757
477 , -0.26746814391047935 , 0.26746814391047935
478 , -0.9651515142324814 , 0.9651515142324814
479 , -0.3622174148385343 , 0.3622174148385343
480 , -0.8999654943754619 , 0.8999654943754619
481 , -0.21367994734855386 , 0.21367994734855386
482 , -0.5324155311847477 , 0.5324155311847477
483 , -0.6901228803738528 , 0.6901228803738528
484 , -0.2605914901028642 , 0.2605914901028642
485 , -0.6322022647414423 , 0.6322022647414423
486 , -0.7371525455433527 , 0.7371525455433527
487 , -0.2035536091083583 , 0.2035536091083583
488 , -0.22351686253039244 , 0.22351686253039244
489 , -0.11989845699351609 , 0.11989845699351609
490 , -0.21196884936440158 , 0.21196884936440158
491 , -0.1616621425572684 , 0.1616621425572684
492 , -0.412605385024425 , 0.412605385024425
493 , -0.598627969685053 , 0.598627969685053
494 , -0.41137044270567735 , 0.41137044270567735
495 , -0.21175566968757212 , 0.21175566968757212
496 , -0.41881037437047025 , 0.41881037437047025
497 , -0.2018613014915957 , 0.2018613014915957
498 , -0.798890332083887 , 0.798890332083887
499 , -0.46289568246696416 , 0.46289568246696416
500 , -0.1545991223648632 , 0.1545991223648632
501 , -0.779167061413283 , 0.779167061413283
502 , -0.14716133621377966 , 0.14716133621377966
503 , -0.1851806299789207 , 0.1851806299789207
504 , -0.26437117618038086 , 0.26437117618038086
505 , -0.2578226398859481 , 0.2578226398859481
506 , -0.3098707125735313 , 0.3098707125735313
507 , -0.584750441819958 , 0.584750441819958
508 , -0.33744735418106947 , 0.33744735418106947
509 , -0.27147670638319304 , 0.27147670638319304
510 , -0.18726885321626807 , 0.18726885321626807
511 , -0.2542363718154763 , 0.2542363718154763
512 , -0.4126295019121334 , 0.4126295019121334
513 , -0.6532995713181445 , 0.6532995713181445
514 , -0.1380990265790643 , 0.1380990265790643
515 , -0.15964497198050626 , 0.15964497198050626
516 , -0.4525359617329507 , 0.4525359617329507
517 , -0.14822769279829823 , 0.14822769279829823
518 , -0.21649098963383007 , 0.21649098963383007
519 , -0.7470815394050528 , 0.7470815394050528
520 , -0.2706116029881163 , 0.2706116029881163
521 , -0.5355996789043321 , 0.5355996789043321
522 , -0.16421755149737613 , 0.16421755149737613
523 , -0.23494746911448444 , 0.23494746911448444
524 , -0.15833057325149913 , 0.15833057325149913
525 , -0.43297781939270935 , 0.43297781939270935
526 , -0.44176674169418534 , 0.44176674169418534
527 , -0.34665038460283903 , 0.34665038460283903
528 , -0.23476207888117306 , 0.23476207888117306
529 , -0.39613088967199905 , 0.39613088967199905
530 , -0.7831730519349235 , 0.7831730519349235
531 , -0.40432168814137615 , 0.40432168814137615
532 , -0.4444034967390731 , 0.4444034967390731
533 , -0.2309936964762808 , 0.2309936964762808
534 , -0.6111101929956194 , 0.6111101929956194
535 , -0.7584942535148048 , 0.7584942535148048
536 , -0.30973843407229273 , 0.30973843407229273
537 , -0.31086696513870254 , 0.31086696513870254
538 , -0.2023398103699629 , 0.2023398103699629
539 , -0.2793016298585767 , 0.2793016298585767
540 , -0.3364027667946536 , 0.3364027667946536
541 , -0.6115262917386804 , 0.6115262917386804
542 , -0.25762388265267006 , 0.25762388265267006
543 , -0.18949545450563213 , 0.18949545450563213
544 , -0.5502494106596179 , 0.5502494106596179
545 , -0.18647071955500957 , 0.18647071955500957
546 , -0.28929025080002085 , 0.28929025080002085
547 , -0.22232184522240833 , 0.22232184522240833
548 , -0.26419541957334625 , 0.26419541957334625
549 , -0.18507643064119414 , 0.18507643064119414
550 , -0.9194531723631443 , 0.9194531723631443
551 , -0.42525497378178 , 0.42525497378178
552 , -0.19538599175402732 , 0.19538599175402732
553 , -0.3614203082723311 , 0.3614203082723311
554 , -0.18495190226637218 , 0.18495190226637218
555 , -0.5416903811693603 , 0.5416903811693603
556 , -0.1847063959672376 , 0.1847063959672376
557 , -0.26744938489476067 , 0.26744938489476067
558 , -0.6575063039621457 , 0.6575063039621457
559 , -0.3771541754883235 , 0.3771541754883235
560 , -0.6379589261140463 , 0.6379589261140463
561 , -0.3144258499448506 , 0.3144258499448506
562 , -0.2209143881508495 , 0.2209143881508495
563 , -0.5940290231174046 , 0.5940290231174046
564 , -0.21309878208485197 , 0.21309878208485197
565 , -0.4885801930854314 , 0.4885801930854314
566 , -0.3729943691875891 , 0.3729943691875891
567 , -0.39269299696851795 , 0.39269299696851795
568 , -0.5250153386707419 , 0.5250153386707419
569 , -0.1601067684197664 , 0.1601067684197664
570 , -0.2113238496387858 , 0.2113238496387858
571 , -0.14364954404938834 , 0.14364954404938834
572 , -0.7599214339598702 , 0.7599214339598702
573 , -0.4383361582673204 , 0.4383361582673204
574 , -0.2345670795106857 , 0.2345670795106857
575 , -0.6621729306088268 , 0.6621729306088268
576 , -0.71168327964399 , 0.71168327964399
577 , -0.4263493814681213 , 0.4263493814681213
578 , -0.23367952890841254 , 0.23367952890841254
579 , -0.34424329415271226 , 0.34424329415271226
580 , -0.373643404565891 , 0.373643404565891
581 , -0.3466522141726317 , 0.3466522141726317
582 , -0.28972965867506273 , 0.28972965867506273
583 , -0.20344943535506935 , 0.20344943535506935
584 , -0.3413490379789921 , 0.3413490379789921
585 , -0.783853899194584 , 0.783853899194584
586 , -0.26270713113428146 , 0.26270713113428146
587 , -0.45307238278112283 , 0.45307238278112283
588 , -0.7297171689333048 , 0.7297171689333048
589 , -0.36593869815232716 , 0.36593869815232716
590 , -0.26160631313451266 , 0.26160631313451266
591 , -0.32844212008226936 , 0.32844212008226936
592 , -0.18525428884430564 , 0.18525428884430564
593 , -0.24347093171526757 , 0.24347093171526757
594 , -0.5880905109017591 , 0.5880905109017591
595 , -0.17928927340112016 , 0.17928927340112016
596 , -0.38368813477498975 , 0.38368813477498975
597 , -0.5032642996210129 , 0.5032642996210129
598 , -0.361545291698082 , 0.361545291698082
599 , -0.12417864269087787 , 0.12417864269087787
600 , -0.11087816739473504 , 0.11087816739473504
601 , -0.12062588155708293 , 0.12062588155708293
602 , -0.514953320504039 , 0.514953320504039
603 , -0.3486836622282666 , 0.3486836622282666
604 , -0.31131464069098536 , 0.31131464069098536
605 , -0.18462467880123729 , 0.18462467880123729
606 , -0.4942804271132451 , 0.4942804271132451
607 , -0.2708102292267825 , 0.2708102292267825
608 , -0.44810957990346234 , 0.44810957990346234
609 , -0.1115107414230621 , 0.1115107414230621
610 , -0.5039761749923538 , 0.5039761749923538
611 , -0.28754883710005763 , 0.28754883710005763
612 , -0.5639946814498387 , 0.5639946814498387
613 , -0.9159600783096853 , 0.9159600783096853
614 , -0.2667880512859237 , 0.2667880512859237
615 , -0.2830502818128367 , 0.2830502818128367
616 , -0.20034361394566194 , 0.20034361394566194
617 , -0.45581795132661374 , 0.45581795132661374
618 , -0.4002949379014922 , 0.4002949379014922
619 , -0.30286449940488963 , 0.30286449940488963
620 , -0.28011209544518134 , 0.28011209544518134
621 , -0.2729767038964775 , 0.2729767038964775
622 , -0.2503331138374484 , 0.2503331138374484
623 , -0.27738733457679765 , 0.27738733457679765
624 , -0.24466238061093282 , 0.24466238061093282
625 , -0.5142224901737715 , 0.5142224901737715
626 , -0.2807846896571935 , 0.2807846896571935
627 , -0.4237451770377802 , 0.4237451770377802
628 , -0.503649863905457 , 0.503649863905457
629 , -0.2715858573445124 , 0.2715858573445124
630 , -0.1988883997520166 , 0.1988883997520166
631 , -0.3470812516063083 , 0.3470812516063083
632 , -0.1454205884586051 , 0.1454205884586051
633 , -0.3966065263313367 , 0.3966065263313367
634 , -0.11329523779770578 , 0.11329523779770578
635 , -0.22748811324311435 , 0.22748811324311435
636 , -0.2290928710461254 , 0.2290928710461254
637 , -0.1113831572553878 , 0.1113831572553878
638 , -0.2666548309423501 , 0.2666548309423501
639 , -0.5081096474891812 , 0.5081096474891812
640 , -0.27096435135005076 , 0.27096435135005076
641 , -0.12905009538908963 , 0.12905009538908963
642 , -0.3072669826984143 , 0.3072669826984143
643 , -0.46716449183286035 , 0.46716449183286035
644 , -0.633135883590462 , 0.633135883590462
645 , -0.18878844775872014 , 0.18878844775872014
646 , -0.25604138947956323 , 0.25604138947956323
647 , -0.48382402933404095 , 0.48382402933404095
648 , -0.1586489907929605 , 0.1586489907929605
649 , -0.2145587353133093 , 0.2145587353133093
650 , -0.4034510244977147 , 0.4034510244977147
651 , -0.4210897309834249 , 0.4210897309834249
652 , -0.29547361061411515 , 0.29547361061411515
653 , -0.19406786972156032 , 0.19406786972156032
654 , -0.5531899901041689 , 0.5531899901041689
655 , -0.19226782494230224 , 0.19226782494230224
656 , -0.4185907579449311 , 0.4185907579449311
657 , -0.3113712714660824 , 0.3113712714660824
658 , -0.18617559435219133 , 0.18617559435219133
659 , -0.7374284466387282 , 0.7374284466387282
660 , -0.7267935070922156 , 0.7267935070922156
661 , -0.5891576617629928 , 0.5891576617629928
662 , -0.28253402600309147 , 0.28253402600309147
663 , -0.6996036748456013 , 0.6996036748456013
664 , -0.18423398999250865 , 0.18423398999250865
665 , -0.2672077015411011 , 0.2672077015411011
666 , -0.23587933500625927 , 0.23587933500625927
667 , -0.21597968875340268 , 0.21597968875340268
668 , -0.45895233933031643 , 0.45895233933031643
669 , -0.5887275271223398 , 0.5887275271223398
670 , -0.41420777681131404 , 0.41420777681131404
671 , -0.8455427326109306 , 0.8455427326109306
672 , -0.4287424767331568 , 0.4287424767331568
673 , -0.2535676115382785 , 0.2535676115382785
674 , -0.19927473436295745 , 0.19927473436295745
675 , -0.47709128229312847 , 0.47709128229312847
676 , -0.4500851041675133 , 0.4500851041675133
677 , -0.29011244386378576 , 0.29011244386378576
678 , -0.1468173074520609 , 0.1468173074520609
679 , -0.6522378623029355 , 0.6522378623029355
680 , -0.6773714914658969 , 0.6773714914658969
681 , -0.24561479725930732 , 0.24561479725930732
682 , -0.3536907188861369 , 0.3536907188861369
683 , -0.33808978017497665 , 0.33808978017497665
684 , -0.787561571009233 , 0.787561571009233
685 , -0.5731742556593062 , 0.5731742556593062
686 , -1.1232625132092595 , 1.1232625132092595
687 , -0.32128238656594815 , 0.32128238656594815
688 , -0.5653583865141059 , 0.5653583865141059
689 , -0.52389419472559 , 0.52389419472559
690 , -0.17214048426676876 , 0.17214048426676876
691 , -0.22612494270862313 , 0.22612494270862313
692 , -0.4568615053727648 , 0.4568615053727648
693 , -0.3472216261957013 , 0.3472216261957013
694 , -0.5090792456834424 , 0.5090792456834424
695 , -0.8135012005046527 , 0.8135012005046527
696 , -0.32102687464423385 , 0.32102687464423385
697 , -0.4629201760746929 , 0.4629201760746929
698 , -0.4017508559533555 , 0.4017508559533555
699 , -0.5532084864917242 , 0.5532084864917242
700 , -0.673516930755597 , 0.673516930755597
701 , -0.4089911806921306 , 0.4089911806921306
702 , -0.23973756650707095 , 0.23973756650707095
703 , -0.2957695729500839 , 0.2957695729500839
704 , -0.2107281122056505 , 0.2107281122056505
705 , -0.21431018483157194 , 0.21431018483157194
706 , -0.30964136402958947 , 0.30964136402958947
707 , -0.5177922820771076 , 0.5177922820771076
708 , -0.43977446606087056 , 0.43977446606087056
709 , -0.22672319674251284 , 0.22672319674251284
710 , -0.15949688187452052 , 0.15949688187452052
711 , -0.7332051964787238 , 0.7332051964787238
712 , -0.3996089062577209 , 0.3996089062577209
713 , -0.22268696093611365 , 0.22268696093611365
714 , -0.10662627503737875 , 0.10662627503737875
715 , -0.3446263658112947 , 0.3446263658112947
716 , -0.26540064936706415 , 0.26540064936706415
717 , -0.3618942987119883 , 0.3618942987119883
718 , -0.7247864279364991 , 0.7247864279364991
719 , -0.6165215287349152 , 0.6165215287349152
720 , -0.18361438377390252 , 0.18361438377390252
721 , -0.8027279649396466 , 0.8027279649396466
722 , -0.5462609104656214 , 0.5462609104656214
723 , -0.430668100285009 , 0.430668100285009
724 , -0.3076149961198734 , 0.3076149961198734
725 , -0.43096293721895895 , 0.43096293721895895
726 , -0.40246119183351436 , 0.40246119183351436
727 , -0.14066457445069624 , 0.14066457445069624
728 , -0.42045260588266636 , 0.42045260588266636
729 , -0.509514542190841 , 0.509514542190841
730 , -0.24143354124163446 , 0.24143354124163446
731 , -0.29969409274931036 , 0.29969409274931036
732 , -0.4051580894131057 , 0.4051580894131057
733 , -0.10254309260299233 , 0.10254309260299233
734 , -0.3144661439692535 , 0.3144661439692535
735 , -0.4440820897848218 , 0.4440820897848218
736 , -0.13242724127256728 , 0.13242724127256728
737 , -0.3617972957217136 , 0.3617972957217136
738 , -0.2296801722957026 , 0.2296801722957026
739 , -0.34354651605297887 , 0.34354651605297887
740 , -0.08448686497913392 , 0.08448686497913392
741 , -0.3782344025534588 , 0.3782344025534588
742 , -0.6861921933659131 , 0.6861921933659131
743 , -0.13818362566225245 , 0.13818362566225245
744 , -0.7566832850853615 , 0.7566832850853615
745 , -0.9905813995636007 , 0.9905813995636007
746 , -0.48999304946882805 , 0.48999304946882805
747 , -1.0398105684545416 , 1.0398105684545416
748 , -0.2364511380926156 , 0.2364511380926156
749 , -0.3820697464458818 , 0.3820697464458818
750 , -0.5301455482014115 , 0.5301455482014115
751 , -0.1741127400086659 , 0.1741127400086659
752 , -0.27111169011578395 , 0.27111169011578395
753 , -0.20999149764490047 , 0.20999149764490047
754 , -1.058251494647872 , 1.058251494647872
755 , -0.2966337722808154 , 0.2966337722808154
756 , -0.5429386141568289 , 0.5429386141568289
757 , -0.6885293400675139 , 0.6885293400675139
758 , -0.23881207948280728 , 0.23881207948280728
759 , -0.5055887863870575 , 0.5055887863870575
760 , -0.5485603776614805 , 0.5485603776614805
761 , -0.19820791498915707 , 0.19820791498915707
762 , -0.9417215169445878 , 0.9417215169445878
763 , -0.15149019653378928 , 0.15149019653378928
764 , -0.3971738137089035 , 0.3971738137089035
765 , -0.32767403758331115 , 0.32767403758331115
766 , -0.37604230730421384 , 0.37604230730421384
767 , -0.5038368156541555 , 0.5038368156541555
768 , -0.9035766877904737 , 0.9035766877904737
769 , -0.5034627089299011 , 0.5034627089299011
770 , -0.3190974352514515 , 0.3190974352514515
771 , -0.32235959133445174 , 0.32235959133445174
772 , -0.7605902576359406 , 0.7605902576359406
773 , -0.3624404909374215 , 0.3624404909374215
774 , -0.2700255336234874 , 0.2700255336234874
775 , -0.33780675876566385 , 0.33780675876566385
776 , -0.23070087816447726 , 0.23070087816447726
777 , -0.135374442018868 , 0.135374442018868
778 , -0.6475760139610778 , 0.6475760139610778
779 , -0.22078082224139747 , 0.22078082224139747
780 , -0.30082951002509606 , 0.30082951002509606
781 , -0.21665865006949836 , 0.21665865006949836
782 , -0.20937317677394504 , 0.20937317677394504
783 , -0.5643591001110139 , 0.5643591001110139
784 , -0.19003896375524745 , 0.19003896375524745
785 , -0.40587153547509364 , 0.40587153547509364
786 , -0.36660691069426665 , 0.36660691069426665
787 , -0.44038534818628633 , 0.44038534818628633
788 , -0.1377947543758225 , 0.1377947543758225
789 , -0.5764703160391613 , 0.5764703160391613
790 , -0.9792764228116007 , 0.9792764228116007
791 , -0.28368214051312246 , 0.28368214051312246
792 , -0.32650702715142327 , 0.32650702715142327
793 , -0.37213849759454604 , 0.37213849759454604
794 , -0.46771370306838544 , 0.46771370306838544
795 , -0.21831284503461698 , 0.21831284503461698
796 , -0.6935602011774255 , 0.6935602011774255
797 , -0.2792690906258493 , 0.2792690906258493
798 , -0.4720613803288045 , 0.4720613803288045
799 , -0.14650477909207194 , 0.14650477909207194
800 , -0.3437165241461325 , 0.3437165241461325
801 , -0.400119685304357 , 0.400119685304357
802 , -0.5923702448029361 , 0.5923702448029361
803 , -0.43821081018053104 , 0.43821081018053104
804 , -0.30094026319874095 , 0.30094026319874095
805 , -0.44129957008913046 , 0.44129957008913046
806 , -0.22983065695006227 , 0.22983065695006227
807 , -0.4564907610815254 , 0.4564907610815254
808 , -0.8067316085505875 , 0.8067316085505875
809 , -0.461993305763004 , 0.461993305763004
810 , -0.4264036292393368 , 0.4264036292393368
811 , -0.22566055409420568 , 0.22566055409420568
812 , -0.24430618179465122 , 0.24430618179465122
813 , -0.17340527089710814 , 0.17340527089710814
814 , -0.27436642224264446 , 0.27436642224264446
815 , -0.25311585632713296 , 0.25311585632713296
816 , -0.13012027410321206 , 0.13012027410321206
817 , -0.2087168145899934 , 0.2087168145899934
818 , -0.3071059779589735 , 0.3071059779589735
819 , -0.18165359074714726 , 0.18165359074714726
820 , -0.44019500428444686 , 0.44019500428444686
821 , -0.16914251652870474 , 0.16914251652870474
822 , -0.44748772473458 , 0.44748772473458
823 , -0.07579129704853516 , 0.07579129704853516
824 , -0.28377445357095027 , 0.28377445357095027
825 , -0.6609216426703232 , 0.6609216426703232
826 , -0.5679244630155662 , 0.5679244630155662
827 , -0.22629067381186646 , 0.22629067381186646
828 , -0.3193886084885375 , 0.3193886084885375
829 , -0.27265968201492546 , 0.27265968201492546
830 , -0.14513179471429435 , 0.14513179471429435
831 , -0.13458529426287238 , 0.13458529426287238
832 , -0.5795177114812887 , 0.5795177114812887
833 , -0.5854332408725356 , 0.5854332408725356
834 , -0.4384375001207439 , 0.4384375001207439
835 , -0.12929354673335428 , 0.12929354673335428
836 , -0.7379127816130826 , 0.7379127816130826
837 , -0.23722396586846292 , 0.23722396586846292
838 , -0.5031211463882796 , 0.5031211463882796
839 , -0.4858747231497583 , 0.4858747231497583
840 , -0.4902197068965483 , 0.4902197068965483
841 , -0.857733310560251 , 0.857733310560251
842 , -0.15318392183186647 , 0.15318392183186647
843 , -0.27773710893042447 , 0.27773710893042447
844 , -0.2996263615217056 , 0.2996263615217056
845 , -0.2327486577184184 , 0.2327486577184184
846 , -0.6072673566905336 , 0.6072673566905336
847 , -0.20731204892888797 , 0.20731204892888797
848 , -0.15156866381187634 , 0.15156866381187634
849 , -0.18152901126865872 , 0.18152901126865872
850 , -0.22466640525170528 , 0.22466640525170528
851 , -0.20337902545253445 , 0.20337902545253445
852 , -0.3964569944480701 , 0.3964569944480701
853 , -0.3806574723518267 , 0.3806574723518267
854 , -0.982921897116513 , 0.982921897116513
855 , -0.7275372055934715 , 0.7275372055934715
856 , -0.2858399224123725 , 0.2858399224123725
857 , -0.2556177002562531 , 0.2556177002562531
858 , -0.2896435146507217 , 0.2896435146507217
859 , -0.2703034725019358 , 0.2703034725019358
860 , -0.21413061237043385 , 0.21413061237043385
861 , -0.23365921437988774 , 0.23365921437988774
862 , -0.467517825260369 , 0.467517825260369
863 , -0.2194607244726216 , 0.2194607244726216
864 , -0.44119654707950196 , 0.44119654707950196
865 , -0.15532332872269308 , 0.15532332872269308
866 , -0.6778435214535499 , 0.6778435214535499
867 , -0.24030107081067462 , 0.24030107081067462
868 , -0.3609818838741404 , 0.3609818838741404
869 , -0.16667534689711017 , 0.16667534689711017
870 , -0.6456971827195759 , 0.6456971827195759
871 , -0.7120675648665826 , 0.7120675648665826
872 , -0.5586510329093283 , 0.5586510329093283
873 , -0.19962280399013752 , 0.19962280399013752
874 , -0.14281175800349905 , 0.14281175800349905
875 , -0.4044317648718674 , 0.4044317648718674
876 , -0.3949329333064395 , 0.3949329333064395
877 , -0.2918323532967185 , 0.2918323532967185
878 , -0.988771284631995 , 0.988771284631995
879 , -0.14354852462267606 , 0.14354852462267606
880 , -0.3377239983821835 , 0.3377239983821835
881 , -0.47185715620097796 , 0.47185715620097796
882 , -0.5631787679852469 , 0.5631787679852469
883 , -0.4387799465893908 , 0.4387799465893908
884 , -0.6771293517747063 , 0.6771293517747063
885 , -0.3476437796606687 , 0.3476437796606687
886 , -0.17595005250929427 , 0.17595005250929427
887 , -0.45545044156740666 , 0.45545044156740666
888 , -0.3238762806133457 , 0.3238762806133457
889 , -0.7312135758672056 , 0.7312135758672056
890 , -0.5782415319138661 , 0.5782415319138661
891 , -0.34431697930461447 , 0.34431697930461447
892 , -0.17360651611798936 , 0.17360651611798936
893 , -0.4520497410951324 , 0.4520497410951324
894 , -0.2742051803403734 , 0.2742051803403734
895 , -0.28387981281454505 , 0.28387981281454505
896 , -0.4803085914220164 , 0.4803085914220164
897 , -0.2414618168628369 , 0.2414618168628369
898 , -0.6157748250323494 , 0.6157748250323494
899 , -0.1471372338828697 , 0.1471372338828697
900 , -0.18294461122460626 , 0.18294461122460626
901 , -0.21446351890697765 , 0.21446351890697765
902 , -0.5670502885735652 , 0.5670502885735652
903 , -1.0518001565645456 , 1.0518001565645456
904 , -0.21235282056182508 , 0.21235282056182508
905 , -0.719441363445553 , 0.719441363445553
906 , -0.40703031184599797 , 0.40703031184599797
907 , -0.49863917245250716 , 0.49863917245250716
908 , -0.30811918502493507 , 0.30811918502493507
909 , -0.3830795404698049 , 0.3830795404698049
910 , -0.23728345375342716 , 0.23728345375342716
911 , -0.8169931252359139 , 0.8169931252359139
912 , -0.4662423002571239 , 0.4662423002571239
913 , -0.6043436909626672 , 0.6043436909626672
914 , -1.0493228373307226 , 1.0493228373307226
915 , -0.5266699437472097 , 0.5266699437472097
916 , -0.2886236824486935 , 0.2886236824486935
917 , -0.29019204893712447 , 0.29019204893712447
918 , -0.4431728879288706 , 0.4431728879288706
919 , -0.5602892410065452 , 0.5602892410065452
920 , -0.6455946391553801 , 0.6455946391553801
921 , -0.40461680348771406 , 0.40461680348771406
922 , -0.4113496995203574 , 0.4113496995203574
923 , -0.3970545204385517 , 0.3970545204385517
924 , -0.24275144192500858 , 0.24275144192500858
925 , -0.21048435345780522 , 0.21048435345780522
926 , -0.19792968158377225 , 0.19792968158377225
927 , -0.7020984318982295 , 0.7020984318982295
928 , -0.3911055869395222 , 0.3911055869395222
929 , -0.21042579193151464 , 0.21042579193151464
930 , -0.27670249620567305 , 0.27670249620567305
931 , -0.5993218075435154 , 0.5993218075435154
932 , -0.23962001983191628 , 0.23962001983191628
933 , -0.7622564486571557 , 0.7622564486571557
934 , -0.3875307774311923 , 0.3875307774311923
935 , -0.48143745739307675 , 0.48143745739307675
936 , -0.9221335249235959 , 0.9221335249235959
937 , -0.277122851673263 , 0.277122851673263
938 , -0.47794581242775613 , 0.47794581242775613
939 , -0.42336159071648277 , 0.42336159071648277
940 , -0.4117276907016455 , 0.4117276907016455
941 , -0.20713663219919565 , 0.20713663219919565
942 , -0.5883805079894144 , 0.5883805079894144
943 , -0.1394847707275695 , 0.1394847707275695
944 , -0.6187250746626272 , 0.6187250746626272
945 , -0.19928952947712367 , 0.19928952947712367
946 , -0.12400526390098857 , 0.12400526390098857
947 , -0.23459279967132454 , 0.23459279967132454
948 , -0.30791250185409497 , 0.30791250185409497
949 , -0.45782524651692097 , 0.45782524651692097
950 , -0.5007787473233728 , 0.5007787473233728
951 , -0.2830963450691718 , 0.2830963450691718
952 , -0.19369428709273284 , 0.19369428709273284
953 , -0.31906580546432517 , 0.31906580546432517
954 , -0.31220273199572723 , 0.31220273199572723
955 , -0.32667431711687 , 0.32667431711687
956 , -0.77787488764948 , 0.77787488764948
957 , -0.749300881362093 , 0.749300881362093
958 , -0.24061608168001913 , 0.24061608168001913
959 , -0.2019946990383932 , 0.2019946990383932
960 , -0.3656771697300551 , 0.3656771697300551
961 , -0.28934506875471433 , 0.28934506875471433
962 , -0.21084888863255843 , 0.21084888863255843
963 , -0.3180590913645145 , 0.3180590913645145
964 , -0.1522065701115819 , 0.1522065701115819
965 , -0.153876475641768 , 0.153876475641768
966 , -0.28699844318387163 , 0.28699844318387163
967 , -0.49209312595118543 , 0.49209312595118543
968 , -0.3711568297272747 , 0.3711568297272747
969 , -0.27449915618673454 , 0.27449915618673454
970 , -0.5861876058764587 , 0.5861876058764587
971 , -0.20571139394567062 , 0.20571139394567062
972 , -0.32910680594675934 , 0.32910680594675934
973 , -0.2965283831642475 , 0.2965283831642475
974 , -0.49708345673224064 , 0.49708345673224064
975 , -0.2427766459608794 , 0.2427766459608794
976 , -0.4182564238318752 , 0.4182564238318752
977 , -0.3724324431920031 , 0.3724324431920031
978 , -0.15044480240236266 , 0.15044480240236266
979 , -0.45962452955849925 , 0.45962452955849925
980 , -0.6012832429109709 , 0.6012832429109709
981 , -0.23137521927149793 , 0.23137521927149793
982 , -0.35730475682056995 , 0.35730475682056995
983 , -0.3279181675227551 , 0.3279181675227551
984 , -0.5231498591011235 , 0.5231498591011235
985 , -0.18836271732605936 , 0.18836271732605936
986 , -0.10471863269264407 , 0.10471863269264407
987 , -0.3121057218619237 , 0.3121057218619237
988 , -0.3932007049375198 , 0.3932007049375198
989 , -0.2460015848083417 , 0.2460015848083417
990 , -0.2415309259902019 , 0.2415309259902019
991 , -0.6022900834985523 , 0.6022900834985523
992 , -0.5972163210637204 , 0.5972163210637204
993 , -0.7760701092963235 , 0.7760701092963235
994 , -0.1614754442931588 , 0.1614754442931588
995 , -0.6523917833376337 , 0.6523917833376337
996 , -0.33409504688754244 , 0.33409504688754244
997 , -0.6357647833497285 , 0.6357647833497285
998 , -0.13244912231765388 , 0.13244912231765388
999 , -0.5143700273216313 , 0.5143700273216313
