Seed Value:- 61
1 , 22.0 , 0.8048960345675382
2 , 10.0 , 13.386342795276825
3 , 13.0 , 19.192147962646406
4 , 16.0 , 7.677382972926804
5 , 13.0 , 7.290206887986829
6 , 11.0 , 5.91114803448115
7 , 12.0 , 4.125507175251888
8 , 28.0 , 59.78649424590844
9 , 12.0 , 16.97806171644382
10 , 11.0 , 15.330104288631928
11 , 13.0 , 4.6042433703362216
12 , 13.0 , 4.985516209289617
13 , 20.0 , 5.841616164408382
14 , 20.0 , 7.280637508005
15 , 13.0 , 22.71207121630523
16 , 23.0 , 10.173442166662658
17 , 11.0 , 4.238947057778922
18 , 13.0 , 18.708198245533932
19 , 14.0 , 4.097729802990477
20 , 15.0 , 6.443208443037779
21 , 13.0 , 2.1171135100834126
22 , 15.0 , 8.471408068140011
23 , 15.0 , 13.103342740600073
24 , 11.0 , 10.364013088947301
25 , 20.0 , 2.4675316085721084
26 , 32.0 , 7.96891356229209
27 , 37.0 , 100.51816025663784
28 , 23.0 , 1.6118575495141585
29 , 23.0 , 0.7096850925045172
30 , 29.0 , 3.6293701096347912
31 , 17.0 , 6.5776719606082645
32 , 21.0 , 5.815224676211522
33 , 21.0 , 4.666220565387609
34 , 21.0 , 2.055020361465807
35 , 18.0 , 2.2309362054837054
36 , 19.0 , 3.6167617526580895
37 , 24.0 , 0.668974390027475
38 , 27.0 , 0.9187710314568871
39 , 31.0 , 8.319176207143656
40 , 43.0 , 1.3087582353791083
41 , 26.0 , 0.34249929952680513
42 , 45.0 , 11.832743583890979
43 , 27.0 , 5.56862095985574
44 , 24.0 , 5.120684872987939
45 , 17.0 , 0.861274346853353
46 , 23.0 , 4.470799177978511
47 , 18.0 , 0.7416559811663122
48 , 24.0 , 0.8001652371383126
49 , 36.0 , 1.9064511053678916
50 , 35.0 , 5.445883530332885
51 , 27.0 , 1.9004996180430052
52 , 29.0 , 4.200671087389475
53 , 43.0 , 1.9053617468893078
54 , 49.0 , 3.3429381824547137
55 , 27.0 , 12.056554520010705
56 , 35.0 , 6.496284464575288
57 , 21.0 , 3.370662349849995
58 , 130.0 , 6.873317259876161
59 , 43.0 , 58.3525369183662
60 , 66.0 , 74.74132489507755
61 , 56.0 , 61.91422680221457
62 , 28.0 , 7.836310681034761
63 , 30.0 , 126.58651937138634
64 , 65.0 , 59.003105512901634
65 , 38.0 , 9.114174836290859
66 , 31.0 , 53.55831573522768
67 , 24.0 , 62.915167638147594
68 , 108.0 , 63.12607315822362
69 , 42.0 , 7.89222178295687
70 , 26.0 , 4.585399436308397
71 , 40.0 , 7.055528320549793
72 , 34.0 , 126.83846550062793
73 , 33.0 , 134.66142370693967
74 , 58.0 , 6.957533383925854
75 , 48.0 , 6.538169526388677
76 , 69.0 , 11.041307608232223
77 , 36.0 , 105.0804575133685
78 , 115.0 , 15.534677545314214
79 , 83.0 , 79.11826943194507
80 , 36.0 , 12.869706343262072
81 , 25.0 , 12.951032101713091
82 , 66.0 , 82.19194551276469
83 , 57.0 , 15.07615972044995
84 , 103.0 , 18.35457069204186
85 , 43.0 , 13.827360775284204
86 , 52.0 , 100.32910497791326
87 , 34.0 , 137.70550096475642
88 , 173.0 , 18.65667612524186
89 , 59.0 , 16.49199790772094
90 , 52.0 , 91.02401333640692
91 , 117.0 , 20.363063100843867
92 , 43.0 , 13.972127441681497
93 , 43.0 , 113.77435287255929
94 , 33.0 , 14.140446543957376
95 , 40.0 , 14.061257067550805
96 , 28.0 , 12.842901293706731
97 , 30.0 , 12.629527461729039
98 , 37.0 , 12.45662352824683
99 , 28.0 , 12.393490406345963
100 , 61.0 , 15.83780141205328
101 , 44.0 , 16.33166239624321
102 , 63.0 , 109.46416293785103
103 , 59.0 , 101.50590565184723
104 , 51.0 , 99.10281961259929
105 , 87.0 , 97.70725098891073
106 , 46.0 , 19.917863984052175
107 , 37.0 , 19.491140329517552
108 , 76.0 , 91.83448169547884
109 , 45.0 , 104.56952969073353
110 , 127.0 , 100.87970811683458
111 , 51.0 , 95.72167735774241
112 , 51.0 , 93.7398597474301
113 , 77.0 , 98.03359769004418
114 , 107.0 , 39.80986541401432
115 , 70.0 , 39.51230834662536
116 , 74.0 , 47.440643695643836
117 , 125.0 , 92.29622485846103
118 , 143.0 , 45.020233638495256
119 , 85.0 , 94.43930790909263
120 , 50.0 , 56.46202945732345
121 , 170.0 , 52.59023447829524
122 , 51.0 , 84.2140454469214
123 , 93.0 , 47.17634662589911
124 , 168.0 , 90.74004984640368
125 , 69.0 , 44.35329529050739
126 , 47.0 , 84.57629154858819
127 , 65.0 , 78.45503154582545
128 , 50.0 , 62.782756312031054
129 , 55.0 , 81.70624609068443
130 , 213.0 , 82.10229481620705
131 , 86.0 , 43.74044496144691
132 , 110.0 , 41.52626100106564
133 , 50.0 , 76.90352598777935
134 , 44.0 , 75.55743677826457
135 , 81.0 , 56.786264456597266
136 , 378.0 , 44.38511958365433
137 , 147.0 , 49.83008187733781
138 , 53.0 , 47.78409575868883
139 , 47.0 , 39.380217742676244
140 , 54.0 , 57.35773991563998
141 , 59.0 , 53.711649525836464
142 , 65.0 , 48.98396575941648
143 , 213.0 , 45.55771046350853
144 , 62.0 , 57.55446827500734
145 , 119.0 , 50.97390980042653
146 , 51.0 , 44.24623543992968
147 , 65.0 , 42.17398291461749
148 , 64.0 , 48.440332626573316
149 , 42.0 , 82.45343026351561
150 , 70.0 , 49.1139091825258
151 , 96.0 , 46.23022676241768
152 , 80.0 , 44.5697823222264
153 , 86.0 , 51.23172106999726
154 , 89.0 , 55.74597857578908
155 , 55.0 , 56.947021949658485
156 , 91.0 , 53.938979152077756
157 , 86.0 , 47.84241260400321
158 , 56.0 , 57.012114390406424
159 , 80.0 , 47.258466113719926
160 , 65.0 , 43.82735681114803
161 , 353.0 , 38.702917019996406
162 , 141.0 , 52.64696931695225
163 , 290.0 , 49.729758638026844
164 , 321.0 , 43.77122475699788
165 , 59.0 , 57.271944296037276
166 , 52.0 , 58.97143813095283
167 , 63.0 , 66.0122603427929
168 , 358.0 , 40.610506569780426
169 , 63.0 , 49.4495436422031
170 , 51.0 , 66.786273367355
171 , 244.0 , 50.49391145765389
172 , 75.0 , 45.470002236445524
173 , 76.0 , 44.096125506926775
174 , 81.0 , 49.90386318232133
175 , 51.0 , 59.935246855617585
176 , 72.0 , 50.879369439736806
177 , 49.0 , 51.50328360015977
178 , 194.0 , 58.01146546777481
179 , 113.0 , 51.496049203290724
180 , 60.0 , 53.356268814246256
181 , 87.0 , 55.89200625253606
182 , 44.0 , 56.46097297837391
183 , 232.0 , 54.42876159033114
184 , 80.0 , 71.29166399914658
185 , 55.0 , 65.06804308984202
186 , 92.0 , 64.44168874521255
187 , 686.0 , 50.17081323489578
188 , 87.0 , 58.65842025465717
189 , 55.0 , 65.67543013667263
190 , 47.0 , 59.89440131943916
191 , 58.0 , 66.25564703527907
192 , 68.0 , 64.68630659265212
193 , 42.0 , 65.81539042156811
194 , 73.0 , 59.07300322940796
195 , 69.0 , 57.30368823422472
196 , 560.0 , 51.08525542663403
197 , 156.0 , 57.73208831065325
198 , 739.0 , 48.37753911697307
199 , 344.0 , 54.15393277708051
200 , 113.0 , 58.26044444340375
201 , 525.0 , 49.05553638952282
202 , 63.0 , 69.45446733520929
203 , 54.0 , 50.80371157141898
204 , 70.0 , 67.38682786173372
205 , 462.0 , 52.149811507602045
206 , 116.0 , 59.11184962604227
207 , 104.0 , 59.45936490811296
208 , 79.0 , 47.7271422298921
209 , 68.0 , 75.42001269543661
210 , 101.0 , 59.4945372052591
211 , 61.0 , 66.24268476737981
212 , 455.0 , 56.784185221987826
213 , 77.0 , 57.725229653954386
214 , 714.0 , 70.04242516649633
215 , 99.0 , 61.201594361294944
216 , 54.0 , 46.46599339832802
217 , 88.0 , 47.96731116337957
218 , 532.0 , 56.10619189055374
219 , 391.0 , 54.27226423826548
220 , 92.0 , 54.84395865364041
221 , 93.0 , 57.94089706308263
222 , 1000.0 , 29.82632879930357
223 , 543.0 , 45.32105607319316
224 , 606.0 , 53.173145549277294
225 , 787.0 , 66.01136768046887
226 , 570.0 , 50.21848789747465
227 , 569.0 , 54.20712531136588
228 , 596.0 , 44.46519309312706
229 , 498.0 , 44.04268550712697
230 , 56.0 , 49.49245373872743
231 , 338.0 , 55.661841316148475
232 , 720.0 , 55.624053525227666
233 , 55.0 , 48.41884257883249
234 , 90.0 , 59.04771441221278
235 , 782.0 , 56.24809279134588
236 , 67.0 , 47.45541010501821
237 , 607.0 , 56.2321825752564
238 , 631.0 , 46.51629714663339
239 , 690.0 , 51.92759145809406
240 , 976.0 , 64.36215012917586
241 , 836.0 , 62.886244528663
242 , 51.0 , 53.77107544157377
243 , 90.0 , 40.47398973403578
244 , 45.0 , 47.26613212051831
245 , 85.0 , 57.14534472686966
246 , 83.0 , 54.67028570143014
247 , 747.0 , 56.72097459883791
248 , 50.0 , 47.9166300727922
249 , 120.0 , 47.17381676732852
250 , 1000.0 , 35.69529944212459
251 , 1000.0 , 28.215038780580436
252 , 1000.0 , 28.906838847756823
253 , 102.0 , 52.23762300394443
254 , 177.0 , 51.45085986980811
255 , 94.0 , 54.131542729987856
256 , 1000.0 , 30.35607341493134
257 , 81.0 , 44.65428642153676
258 , 52.0 , 62.72209520065757
259 , 1000.0 , 26.463218076685344
260 , 121.0 , 57.27850818104197
261 , 1000.0 , 28.509517153915922
262 , 1000.0 , 27.21116971121842
263 , 1000.0 , 27.87315883048355
264 , 1000.0 , 27.04339027647769
265 , 61.0 , 40.84423711047353
266 , 1000.0 , 31.30038531746755
267 , 68.0 , 42.75059883571715
268 , 57.0 , 69.40284758480482
269 , 1000.0 , 27.831286071329117
270 , 48.0 , 39.985749265451155
271 , 63.0 , 58.04833598156575
272 , 62.0 , 49.29723625010658
273 , 84.0 , 48.24768471658829
274 , 1000.0 , 27.90741133862965
275 , 1000.0 , 42.00782397654321
276 , 59.0 , 44.440383945287714
277 , 1000.0 , 26.89434594291336
278 , 264.0 , 51.70648115589677
279 , 58.0 , 42.70011484677906
280 , 121.0 , 56.61690093924632
281 , 109.0 , 61.57448985505876
282 , 1000.0 , 28.616687688878862
283 , 81.0 , 46.474435242954726
284 , 69.0 , 57.577172832503045
285 , 68.0 , 59.3526639160241
286 , 607.0 , 73.57120083838338
287 , 1000.0 , 35.062627212576636
288 , 1000.0 , 33.50148126583821
289 , 45.0 , 44.919924557568635
290 , 1000.0 , 28.729919171323044
291 , 42.0 , 41.52622846781433
292 , 1000.0 , 24.991322819264347
293 , 78.0 , 50.80681597909325
294 , 1000.0 , 47.440528591627775
295 , 57.0 , 46.31152744738809
296 , 1000.0 , 26.578294655404026
297 , 58.0 , 39.32011585323097
298 , 74.0 , 53.23743108913661
299 , 47.0 , 61.48952008345452
300 , 1000.0 , 34.140448488976844
301 , 1000.0 , 27.73954685238492
302 , 1000.0 , 39.78737497296536
303 , 76.0 , 56.233287847394976
304 , 1000.0 , 23.981502855595416
305 , 78.0 , 57.60080499281365
306 , 1000.0 , 34.31282954167952
307 , 60.0 , 65.00606327784668
308 , 1000.0 , 26.340177088746366
309 , 1000.0 , 26.821445949178212
310 , 157.0 , 54.93607173310721
311 , 1000.0 , 43.35240967634981
312 , 1000.0 , 43.570735773264985
313 , 95.0 , 49.365445211854016
314 , 88.0 , 51.14362361751348
315 , 1000.0 , 29.16378927227966
316 , 73.0 , 53.39484249031008
317 , 230.0 , 49.01350998974306
318 , 1000.0 , 31.58427741265063
319 , 66.0 , 52.067326077388024
320 , 102.0 , 49.25739346344414
321 , 1000.0 , 31.492640264334813
322 , 61.0 , 37.92082717939024
323 , 1000.0 , 25.086737650113385
324 , 1000.0 , 24.977927403352986
325 , 50.0 , 64.39511324546291
326 , 44.0 , 47.590222204774875
327 , 115.0 , 37.59468745645477
328 , 78.0 , 42.49086541291203
329 , 60.0 , 35.95723827642816
330 , 153.0 , 43.48461959986583
331 , 47.0 , 61.141068833522276
332 , 50.0 , 61.45063231575372
333 , 63.0 , 56.33973333138783
334 , 45.0 , 66.4471245814437
335 , 1000.0 , 29.189145031998684
336 , 1000.0 , 19.557692417742324
337 , 1000.0 , 27.8618561515712
338 , 60.0 , 38.6277615860499
339 , 1000.0 , 17.199990218474134
340 , 65.0 , 39.139746932839955
341 , 1000.0 , 17.927478773951243
342 , 79.0 , 47.59732463572917
343 , 68.0 , 57.30891227920283
344 , 78.0 , 44.41301475335932
345 , 116.0 , 50.43053841183041
346 , 65.0 , 48.75456358980538
347 , 1000.0 , 49.81179709452445
348 , 65.0 , 36.281469237325396
349 , 54.0 , 52.53775977343144
350 , 62.0 , 43.04722224176014
351 , 77.0 , 45.70611124812887
352 , 71.0 , 41.8198212532369
353 , 95.0 , 56.672335660952456
354 , 1000.0 , 21.068578416921564
355 , 1000.0 , 55.85986386383104
356 , 73.0 , 35.50703653638223
357 , 158.0 , 56.738073310167685
358 , 1000.0 , 39.09318914494432
359 , 1000.0 , 55.37387130202567
360 , 1000.0 , 68.4265183067996
361 , 1000.0 , 33.57449612766322
362 , 90.0 , 55.70189078626802
363 , 1000.0 , 64.18903119814347
364 , 1000.0 , 36.29551619006674
365 , 1000.0 , 47.08474056744633
366 , 53.0 , 53.794489156083806
367 , 85.0 , 51.693605730740465
368 , 1000.0 , 41.65982819157496
369 , 1000.0 , 30.53797811942736
370 , 1000.0 , 50.10651383746685
371 , 58.0 , 54.08361819106717
372 , 93.0 , 48.51602051268218
373 , 54.0 , 54.342465869064426
374 , 61.0 , 70.98614774744023
375 , 94.0 , 33.54711801117635
376 , 1000.0 , 38.237185353565714
377 , 1000.0 , 30.74761908368375
378 , 52.0 , 67.90651756683738
379 , 125.0 , 39.90310906751196
380 , 1000.0 , 32.075388377072414
381 , 1000.0 , 45.70954183597956
382 , 127.0 , 49.88398301533204
383 , 79.0 , 44.11773321297371
384 , 97.0 , 39.31133139909106
385 , 1000.0 , 65.82364903956821
386 , 50.0 , 45.62023624868888
387 , 89.0 , 58.84446716292138
388 , 86.0 , 55.15112205090331
389 , 1000.0 , 21.57943660932647
390 , 1000.0 , 25.36760612332969
391 , 1000.0 , 21.661461964556853
392 , 52.0 , 67.54243781038925
393 , 53.0 , 53.273487541604865
394 , 70.0 , 38.15022281551543
395 , 1000.0 , 21.873272328862612
396 , 103.0 , 38.43018099039202
397 , 173.0 , 55.66585971306719
398 , 1000.0 , 29.899003816215078
399 , 1000.0 , 26.087289163849853
400 , 85.0 , 44.99325258182655
401 , 89.0 , 42.077830767137065
402 , 97.0 , 57.076285450691834
403 , 207.0 , 43.156586888762504
404 , 470.0 , 47.765881030859255
405 , 446.0 , 50.14854380925172
406 , 57.0 , 47.501134205316205
407 , 1000.0 , 73.80163160832178
408 , 1000.0 , 52.443376016357085
409 , 257.0 , 58.84999531273197
410 , 94.0 , 45.240402302504144
411 , 1000.0 , 35.80913906791938
412 , 1000.0 , 41.035554907302085
413 , 82.0 , 45.56605138917692
414 , 293.0 , 59.67134930963376
415 , 105.0 , 41.48433991054981
416 , 1000.0 , 70.69051095160698
417 , 1000.0 , 75.89108265876474
418 , 1000.0 , 48.61655217686908
419 , 1000.0 , 89.49876368497472
420 , 108.0 , 52.306551393038326
421 , 183.0 , 72.37069613660184
422 , 1000.0 , 73.85843198626128
423 , 62.0 , 61.80345571346819
424 , 211.0 , 60.63859078668807
425 , 1000.0 , 64.48492322240595
426 , 78.0 , 39.04884334424331
427 , 92.0 , 46.24843518364937
428 , 1000.0 , 65.01294828526599
429 , 61.0 , 44.304112278387436
430 , 1000.0 , 65.55292807226095
431 , 1000.0 , 96.66798720438159
432 , 1000.0 , 29.08382295707234
433 , 116.0 , 51.6128277676153
434 , 1000.0 , 38.624975486227804
435 , 48.0 , 62.01031212083241
436 , 65.0 , 59.70227699381277
437 , 1000.0 , 89.65318771089541
438 , 1000.0 , 109.99641736626795
439 , 1000.0 , 52.66729638608063
440 , 1000.0 , 80.71167454888513
441 , 1000.0 , 72.26566359834567
442 , 129.0 , 53.693204887070095
443 , 1000.0 , 67.57186288962372
444 , 1000.0 , 43.35033509987776
445 , 56.0 , 52.83773470802431
446 , 1000.0 , 64.70479090630101
447 , 1000.0 , 78.70818725240068
448 , 50.0 , 61.01526809090762
449 , 1000.0 , 64.209659550079
450 , 61.0 , 50.46445561449725
451 , 84.0 , 44.60076504965448
452 , 47.0 , 58.9252654648258
453 , 1000.0 , 92.36551257016937
454 , 1000.0 , 35.6577411343135
455 , 1000.0 , 24.458971089004354
456 , 80.0 , 42.299292817790864
457 , 1000.0 , 51.135228951760915
458 , 1000.0 , 44.08693695806472
459 , 1000.0 , 41.439785335725546
460 , 1000.0 , 35.386127225989725
461 , 76.0 , 49.191513449621795
462 , 62.0 , 58.12468123319341
463 , 1000.0 , 41.96635117640253
464 , 69.0 , 50.4678067987613
465 , 1000.0 , 40.22409874531767
466 , 52.0 , 57.13212502499678
467 , 1000.0 , 44.19481349669987
468 , 1000.0 , 30.92304931616555
469 , 1000.0 , 38.02234524764162
470 , 1000.0 , 42.06200761209142
471 , 66.0 , 53.464411473791216
472 , 1000.0 , 42.807782155887864
473 , 106.0 , 46.273914601481344
474 , 1000.0 , 29.020409614594346
475 , 1000.0 , 24.68564176664485
476 , 1000.0 , 32.06261776303577
477 , 46.0 , 68.80522555351749
478 , 1000.0 , 20.234942437145193
479 , 65.0 , 62.554595068215704
480 , 1000.0 , 21.155167365596903
481 , 46.0 , 69.09708378327849
482 , 1000.0 , 30.669422207744674
483 , 1000.0 , 31.06898329559017
484 , 72.0 , 39.54071270237979
485 , 1000.0 , 29.38662205211925
486 , 1000.0 , 26.9391085786089
487 , 49.0 , 63.04103529822592
488 , 1000.0 , 54.66770614279443
489 , 64.0 , 55.41454145528385
490 , 81.0 , 42.87705902393007
491 , 52.0 , 67.54759795006073
492 , 1000.0 , 29.28555684359959
493 , 1000.0 , 23.200843864540744
494 , 1000.0 , 27.092804180854998
495 , 148.0 , 70.93596790785895
496 , 1000.0 , 30.946863063282905
497 , 110.0 , 87.39981500243005
498 , 1000.0 , 23.438447976994606
499 , 1000.0 , 20.377299734533842
500 , 68.0 , 74.31479516162992
501 , 1000.0 , 36.38620345180709
502 , 61.0 , 61.466069347796825
503 , 1000.0 , 34.96665552398409
504 , 1000.0 , 83.08327739360692
505 , 1000.0 , 47.92940608013349
506 , 248.0 , 80.57611174152579
507 , 1000.0 , 47.999153839259016
508 , 130.0 , 49.68928536132051
509 , 1000.0 , 33.494311155589855
510 , 70.0 , 58.95542512246259
511 , 80.0 , 53.38196409402172
512 , 1000.0 , 41.33948096848756
513 , 1000.0 , 25.38178203928819
514 , 83.0 , 48.5318932700124
515 , 1000.0 , 65.97532417807531
516 , 1000.0 , 31.745174166308953
517 , 57.0 , 74.70661321388613
518 , 93.0 , 47.69529673030508
519 , 1000.0 , 33.213709874674784
520 , 47.0 , 69.2972943568548
521 , 1000.0 , 30.2246540619366
522 , 1000.0 , 83.72905829887151
523 , 89.0 , 44.55041364010806
524 , 53.0 , 69.5569204439914
525 , 686.0 , 94.95992785787413
526 , 1000.0 , 46.18692917131435
527 , 1000.0 , 55.52753780176175
528 , 1000.0 , 103.5432080323162
529 , 1000.0 , 64.58808100509638
530 , 836.0 , 88.44634062166601
531 , 1000.0 , 77.13042016104538
532 , 1000.0 , 77.8471420246056
533 , 70.0 , 47.52792570806787
534 , 1000.0 , 45.7106049636261
535 , 1000.0 , 34.539367158158434
536 , 255.0 , 73.75290089411013
537 , 1000.0 , 54.004452195519306
538 , 73.0 , 75.68927949513638
539 , 1000.0 , 40.505178894057885
540 , 1000.0 , 33.67456314092961
541 , 1000.0 , 33.84961095219297
542 , 54.0 , 70.66469782492057
543 , 68.0 , 69.63347075450915
544 , 65.0 , 62.8270464829318
545 , 1000.0 , 115.24333859529712
546 , 183.0 , 45.75790711607317
547 , 1000.0 , 26.139184071855805
548 , 73.0 , 61.213637918005
549 , 61.0 , 79.44164902891521
550 , 1000.0 , 24.541051716816177
551 , 1000.0 , 74.01148917730393
552 , 56.0 , 68.5478358667377
553 , 1000.0 , 46.03271713656804
554 , 1000.0 , 141.70461822369774
555 , 1000.0 , 32.902719916411904
556 , 1000.0 , 99.13167330771603
557 , 1000.0 , 120.85644581079946
558 , 1000.0 , 56.057902296858316
559 , 1000.0 , 69.44858567185793
560 , 1000.0 , 70.74095280033448
561 , 166.0 , 71.96798484950051
562 , 1000.0 , 180.99935914108138
563 , 1000.0 , 84.0168395118555
564 , 1000.0 , 124.93513951142539
565 , 1000.0 , 76.13497618788874
566 , 1000.0 , 89.6734454471211
567 , 1000.0 , 107.16281778207865
568 , 1000.0 , 89.47989596953204
569 , 45.0 , 66.66188914928169
570 , 78.0 , 56.39952205267616
571 , 1000.0 , 144.28623369352124
572 , 1000.0 , 102.95890749710827
573 , 1000.0 , 94.11755563453713
574 , 77.0 , 48.47486176953661
575 , 1000.0 , 104.83135039624258
576 , 1000.0 , 102.31258194783739
577 , 1000.0 , 177.71071559253897
578 , 1000.0 , 204.99412574642588
579 , 45.0 , 74.98972612772167
580 , 1000.0 , 166.4892854980006
581 , 1000.0 , 177.3228766964989
582 , 1000.0 , 123.38770898071031
583 , 61.0 , 69.7334923800666
584 , 101.0 , 46.55659369569345
585 , 1000.0 , 132.78264221133884
586 , 1000.0 , 110.72862920946616
587 , 44.0 , 98.03094251215778
588 , 1000.0 , 90.95875299758463
589 , 1000.0 , 128.12583897317776
590 , 1000.0 , 158.46735285005136
591 , 1000.0 , 160.5092590059372
592 , 61.0 , 55.04534672620959
593 , 132.0 , 42.22217847905735
594 , 1000.0 , 126.00745812281026
595 , 62.0 , 72.35707303558449
596 , 1000.0 , 169.38085086850728
597 , 1000.0 , 130.0216618887086
598 , 1000.0 , 140.5983072883021
599 , 1000.0 , 216.53965680669688
600 , 37.0 , 131.59523461235455
601 , 58.0 , 55.036792035703904
602 , 1000.0 , 124.48951535676403
603 , 1000.0 , 122.59816530225172
604 , 1000.0 , 137.35109080831515
605 , 1000.0 , 175.741958384396
606 , 1000.0 , 123.38294733409758
607 , 1000.0 , 201.30746212623907
608 , 1000.0 , 149.60514998706515
609 , 46.0 , 65.9248124085982
610 , 115.0 , 44.39366221408885
611 , 59.0 , 51.010715344827496
612 , 1000.0 , 134.62936504345964
613 , 1000.0 , 170.78159026055786
614 , 1000.0 , 195.65916243086156
615 , 1000.0 , 133.21119022787866
616 , 1000.0 , 188.65356135217655
617 , 1000.0 , 132.69757591504728
618 , 1000.0 , 141.07947969910805
619 , 1000.0 , 130.772089682918
620 , 1000.0 , 162.45603253282678
621 , 55.0 , 100.35175584184363
622 , 1000.0 , 172.7145900872205
623 , 61.0 , 48.24888042390201
624 , 1000.0 , 211.13115733995724
625 , 1000.0 , 148.06344953271343
626 , 1000.0 , 134.80585209559553
627 , 46.0 , 82.55698476254032
628 , 1000.0 , 120.86474449576734
629 , 1000.0 , 148.82158999174945
630 , 1000.0 , 176.13548291333512
631 , 1000.0 , 164.22822213295532
632 , 48.0 , 55.53575560714659
633 , 67.0 , 75.16623788059127
634 , 1000.0 , 264.95114590535013
635 , 1000.0 , 184.8173697019005
636 , 1000.0 , 270.3029995657059
637 , 45.0 , 65.64790378018691
638 , 1000.0 , 222.25786662564587
639 , 1000.0 , 131.3756174687021
640 , 1000.0 , 173.5687419460879
641 , 47.0 , 75.32373215843762
642 , 53.0 , 76.11920800080955
643 , 1000.0 , 145.890914909986
644 , 1000.0 , 174.28296138226156
645 , 1000.0 , 231.34664113817004
646 , 1000.0 , 121.37376797540126
647 , 1000.0 , 124.31871516032233
648 , 44.0 , 79.80169479987752
649 , 58.0 , 81.04263789555813
650 , 1000.0 , 108.2444382759419
651 , 1000.0 , 122.91248185823598
652 , 62.0 , 66.7424062179801
653 , 1000.0 , 250.3475801300669
654 , 1000.0 , 132.31425348676999
655 , 110.0 , 58.43992927203228
656 , 1000.0 , 176.60989677129757
657 , 1000.0 , 140.9215391978018
658 , 1000.0 , 166.42817987532115
659 , 1000.0 , 128.04328879182256
660 , 1000.0 , 114.94685801438618
661 , 1000.0 , 99.18884681078475
662 , 1000.0 , 191.41229892909828
663 , 1000.0 , 165.60059875316188
664 , 57.0 , 85.34870862391085
665 , 1000.0 , 183.66575333582344
666 , 1000.0 , 179.8821801326538
667 , 50.0 , 87.42526650565614
668 , 1000.0 , 123.45758916359642
669 , 1000.0 , 111.89688005862304
670 , 1000.0 , 95.16768384455379
671 , 1000.0 , 183.46075745639718
672 , 1000.0 , 166.43654745344008
673 , 1000.0 , 190.71385303525736
674 , 45.0 , 83.02948290509526
675 , 1000.0 , 178.88954884133122
676 , 1000.0 , 184.84655401299213
677 , 1000.0 , 171.2069573140119
678 , 97.0 , 55.974238856642906
679 , 1000.0 , 170.3324153473246
680 , 1000.0 , 229.89657836724896
681 , 1000.0 , 203.15685570058926
682 , 84.0 , 62.902024023675416
683 , 1000.0 , 222.04413120039808
684 , 1000.0 , 209.7012904494758
685 , 1000.0 , 153.47278944987679
686 , 1000.0 , 147.68920315723966
687 , 1000.0 , 133.78818234198607
688 , 56.0 , 86.13513891189761
689 , 1000.0 , 128.34257851045288
690 , 1000.0 , 276.11670941536136
691 , 52.0 , 89.84004432827298
692 , 1000.0 , 117.47034346139148
693 , 1000.0 , 170.35601913461414
694 , 1000.0 , 135.94518992148792
695 , 1000.0 , 125.22012556586894
696 , 1000.0 , 105.69277371441048
697 , 78.0 , 85.17056068212136
698 , 1000.0 , 114.63963911306251
699 , 1000.0 , 149.57249671675106
700 , 1000.0 , 114.07213137570628
701 , 1000.0 , 88.32612712640982
702 , 1000.0 , 183.5934343292893
703 , 1000.0 , 75.25106749050474
704 , 1000.0 , 98.79502078254475
705 , 86.0 , 63.51445189669649
706 , 1000.0 , 75.35706927688325
707 , 1000.0 , 40.17597945315711
708 , 1000.0 , 45.416196186500976
709 , 1000.0 , 57.59722309201273
710 , 1000.0 , 77.78868547255117
711 , 1000.0 , 41.07308682224735
712 , 1000.0 , 64.04344246986744
713 , 1000.0 , 65.44084706328015
714 , 37.0 , 112.09035453344704
715 , 1000.0 , 153.3655405048502
716 , 1000.0 , 47.920383016483775
717 , 1000.0 , 80.00594816461188
718 , 1000.0 , 59.985364410433306
719 , 1000.0 , 80.71005775270409
720 , 77.0 , 68.96992505356025
721 , 1000.0 , 64.1570779817769
722 , 51.0 , 74.45403682705037
723 , 1000.0 , 74.76563455342549
724 , 237.0 , 59.523546565288534
725 , 1000.0 , 165.74215741527883
726 , 311.0 , 69.55048952951786
727 , 127.0 , 68.47203161417723
728 , 1000.0 , 108.59630451409541
729 , 1000.0 , 127.6350336852242
730 , 1000.0 , 100.11406140247726
731 , 1000.0 , 104.72900123943622
732 , 1000.0 , 127.53229541804832
733 , 1000.0 , 199.2513018195784
734 , 1000.0 , 134.36015595145793
735 , 1000.0 , 222.11633314195637
736 , 44.0 , 92.09612255482124
737 , 119.0 , 52.14608615166211
738 , 1000.0 , 116.84480388412376
739 , 81.0 , 59.94389063033839
740 , 39.0 , 81.7452707191531
741 , 1000.0 , 131.1998725501623
742 , 1000.0 , 119.54000104731642
743 , 42.0 , 66.04304041388359
744 , 1000.0 , 123.14136038566257
745 , 1000.0 , 178.0904194645443
746 , 54.0 , 74.08291963534377
747 , 1000.0 , 154.1664941240935
748 , 1000.0 , 167.22398270851033
749 , 1000.0 , 202.04076312464215
750 , 1000.0 , 201.22205876297127
751 , 176.0 , 56.1285746654826
752 , 1000.0 , 249.97643044043866
753 , 1000.0 , 322.49085742373427
754 , 1000.0 , 298.3576099824028
755 , 1000.0 , 325.3619087190081
756 , 1000.0 , 331.07626964221146
757 , 1000.0 , 338.560688883677
758 , 1000.0 , 377.91205294221817
759 , 1000.0 , 327.8908930428375
760 , 1000.0 , 357.22705815798344
761 , 1000.0 , 395.6730330681153
762 , 1000.0 , 357.7006368006947
763 , 40.0 , 98.15024929641933
764 , 1000.0 , 378.6894567240654
765 , 1000.0 , 397.7214823796574
766 , 79.0 , 47.60213646880795
767 , 1000.0 , 377.43062890950904
768 , 1000.0 , 386.9582173788055
769 , 1000.0 , 374.5833136641643
770 , 46.0 , 44.38952068768071
771 , 1000.0 , 352.1578874976153
772 , 1000.0 , 357.0954437395066
773 , 73.0 , 65.03141208556416
774 , 1000.0 , 420.9250404774639
775 , 1000.0 , 325.1210609819448
776 , 1000.0 , 321.9613291157574
777 , 78.0 , 50.00313130006259
778 , 1000.0 , 261.98788329674596
779 , 1000.0 , 246.2426741812078
780 , 48.0 , 89.69852796051885
781 , 1000.0 , 226.7015756709943
782 , 1000.0 , 146.77207637068545
783 , 1000.0 , 107.26164271703338
784 , 1000.0 , 161.85024338937328
785 , 1000.0 , 97.55172378893786
786 , 1000.0 , 67.31490588831322
787 , 1000.0 , 47.68139794658224
788 , 133.0 , 64.65506611082465
789 , 1000.0 , 43.56685553975489
790 , 1000.0 , 43.72441300303959
791 , 1000.0 , 84.31334340402856
792 , 1000.0 , 97.17946736048522
793 , 1000.0 , 51.24386475580148
794 , 1000.0 , 36.12826103245888
795 , 1000.0 , 75.59183048011026
796 , 1000.0 , 86.14420919332903
797 , 1000.0 , 74.3296921964279
798 , 1000.0 , 31.462753315877695
799 , 1000.0 , 102.02259672433641
800 , 1000.0 , 78.04271437763455
801 , 1000.0 , 36.73465672107017
802 , 1000.0 , 39.92754792027439
803 , 1000.0 , 53.8767326432824
804 , 1000.0 , 65.06066912510774
805 , 1000.0 , 59.256675240357346
806 , 1000.0 , 38.990096426331846
807 , 71.0 , 54.93344310473515
808 , 1000.0 , 34.51810113836958
809 , 1000.0 , 62.5841208400742
810 , 1000.0 , 72.82221564029291
811 , 164.0 , 78.8569163604526
812 , 1000.0 , 60.21654054294183
813 , 49.0 , 55.58677849552587
814 , 1000.0 , 58.16179779019698
815 , 369.0 , 66.12448864477999
816 , 54.0 , 54.312296532021875
817 , 1000.0 , 159.8787736901339
818 , 1000.0 , 60.24123188216081
819 , 1000.0 , 49.35316732080008
820 , 302.0 , 67.06977868224388
821 , 60.0 , 56.1665843403042
822 , 1000.0 , 88.93446780205107
823 , 40.0 , 82.1669681182677
824 , 1000.0 , 88.02067177958952
825 , 1000.0 , 72.20807126619718
826 , 1000.0 , 74.42585063612341
827 , 1000.0 , 62.52819748635915
828 , 1000.0 , 43.153071127287355
829 , 1000.0 , 54.69112366875862
830 , 394.0 , 75.24742311336887
831 , 43.0 , 58.48564302520407
832 , 1000.0 , 47.74617953682586
833 , 1000.0 , 35.71509108674774
834 , 1000.0 , 27.615876785498976
835 , 1000.0 , 107.2316852563889
836 , 1000.0 , 38.53852207394016
837 , 202.0 , 61.20173444661614
838 , 1000.0 , 45.76887039167677
839 , 1000.0 , 62.32882386520651
840 , 1000.0 , 41.95197373024019
841 , 1000.0 , 46.56241569360545
842 , 278.0 , 69.39308108387037
843 , 1000.0 , 119.8812946208689
844 , 1000.0 , 50.85836205669495
845 , 1000.0 , 100.17365656544828
846 , 1000.0 , 109.82212033306226
847 , 1000.0 , 179.7675312544356
848 , 1000.0 , 203.3373391035266
849 , 146.0 , 62.721153264322034
850 , 1000.0 , 228.43579298022084
851 , 56.0 , 69.83992107573302
852 , 1000.0 , 295.41274489010704
853 , 129.0 , 71.71441622514946
854 , 1000.0 , 272.1271751468974
855 , 1000.0 , 167.45235006939654
856 , 1000.0 , 95.38839936555239
857 , 1000.0 , 122.09650946171924
858 , 1000.0 , 132.72851079305863
859 , 1000.0 , 85.62846132621729
860 , 88.0 , 66.42369305849078
861 , 1000.0 , 133.69890035771076
862 , 1000.0 , 95.55669066947208
863 , 1000.0 , 117.01065118545586
864 , 1000.0 , 44.768454421114214
865 , 43.0 , 73.44901734375496
866 , 1000.0 , 39.313460605119204
867 , 1000.0 , 33.77370926721706
868 , 1000.0 , 53.19317370329461
869 , 54.0 , 56.99357001425313
870 , 1000.0 , 40.61056061492525
871 , 1000.0 , 22.801286987426447
872 , 1000.0 , 29.183526298474465
873 , 1000.0 , 29.22397755060107
874 , 1000.0 , 62.88300189370182
875 , 1000.0 , 78.58373146522119
876 , 661.0 , 70.50627163483284
877 , 1000.0 , 47.72436325404765
878 , 1000.0 , 45.433784393878625
879 , 1000.0 , 75.20804525050056
880 , 161.0 , 55.60416294308846
881 , 1000.0 , 56.253645047675725
882 , 1000.0 , 107.01225672717757
883 , 1000.0 , 71.83776007071826
884 , 1000.0 , 57.32831688012905
885 , 1000.0 , 62.614155307927746
886 , 1000.0 , 73.26100913530269
887 , 1000.0 , 38.418274329794976
888 , 152.0 , 57.993004644848796
889 , 1000.0 , 226.52008313080694
890 , 1000.0 , 273.8079963203526
891 , 1000.0 , 45.64333944501453
892 , 45.0 , 69.73946756426508
893 , 1000.0 , 118.84492325812893
894 , 136.0 , 61.0084262856474
895 , 1000.0 , 95.39011342527098
896 , 1000.0 , 101.54781312130243
897 , 1000.0 , 104.4839932058628
898 , 1000.0 , 64.74729513972927
899 , 52.0 , 77.61223784033146
900 , 1000.0 , 65.32797849308807
901 , 201.0 , 56.32391827281961
902 , 1000.0 , 45.93561715916857
903 , 1000.0 , 32.98403613891321
904 , 1000.0 , 73.57430035493326
905 , 1000.0 , 36.74774626075522
906 , 1000.0 , 34.95885922051855
907 , 1000.0 , 77.8179985456484
908 , 1000.0 , 116.00383005527236
909 , 1000.0 , 85.53008414700588
910 , 1000.0 , 42.77377861685883
911 , 1000.0 , 61.613514253659424
912 , 1000.0 , 134.1568389776838
913 , 1000.0 , 80.64236523197943
914 , 1000.0 , 62.91697555121575
915 , 1000.0 , 61.78857014666684
916 , 1000.0 , 64.15792571659748
917 , 58.0 , 46.884748680770855
918 , 1000.0 , 130.3721998572322
919 , 1000.0 , 95.0012235459289
920 , 1000.0 , 132.79543605036744
921 , 1000.0 , 95.78388704491994
922 , 1000.0 , 81.37580728791703
923 , 1000.0 , 127.52116501811322
924 , 68.0 , 83.7799184182635
925 , 402.0 , 67.4666099299389
926 , 1000.0 , 106.6311727875624
927 , 1000.0 , 95.96788648061776
928 , 1000.0 , 115.66283897815461
929 , 67.0 , 55.06893022614329
930 , 1000.0 , 81.79449055305106
931 , 1000.0 , 98.20320121403454
932 , 134.0 , 65.3031962750094
933 , 1000.0 , 102.36650620733691
934 , 1000.0 , 111.90824883409918
935 , 1000.0 , 108.42688394855776
936 , 1000.0 , 114.49337589411111
937 , 1000.0 , 127.0973009052807
938 , 1000.0 , 102.070080475764
939 , 1000.0 , 116.71800060152349
940 , 1000.0 , 111.98190895254251
941 , 1000.0 , 170.698660186428
942 , 1000.0 , 114.68707594868432
943 , 46.0 , 67.79837926637295
944 , 1000.0 , 159.53052668633944
945 , 43.0 , 77.40680683862877
946 , 1000.0 , 238.66538579976904
947 , 1000.0 , 271.3375255685494
948 , 1000.0 , 242.83102330586433
949 , 1000.0 , 273.35655399322803
950 , 1000.0 , 291.6364439694982
951 , 1000.0 , 238.83136661328442
952 , 90.0 , 64.52304212601653
953 , 1000.0 , 381.7179730731806
954 , 1000.0 , 358.87158722941274
955 , 920.0 , 181.73144824254905
956 , 1000.0 , 363.55883417375725
957 , 1000.0 , 348.52837184313523
958 , 1000.0 , 329.5176921233108
959 , 1000.0 , 347.3749901418974
960 , 1000.0 , 316.34212665126756
961 , 60.0 , 65.1094300928039
962 , 69.0 , 64.52842866826383
963 , 48.0 , 65.47071296900307
964 , 175.0 , 74.94399483940732
965 , 1000.0 , 306.8103728846421
966 , 1000.0 , 228.41951501401897
967 , 1000.0 , 243.8496983725326
968 , 1000.0 , 270.92439235734446
969 , 1000.0 , 248.35290509389085
970 , 1000.0 , 274.50846267720266
971 , 217.0 , 64.65473330668766
972 , 264.0 , 49.26512022942204
973 , 220.0 , 64.33123628451547
974 , 1000.0 , 237.52839951759543
975 , 214.0 , 74.27736986763098
976 , 1000.0 , 246.93621340222884
977 , 1000.0 , 289.76281044072704
978 , 71.0 , 72.05381249942174
979 , 1000.0 , 259.52535131802426
980 , 1000.0 , 252.34727724810577
981 , 1000.0 , 250.53090004662053
982 , 1000.0 , 285.61368740478247
983 , 1000.0 , 306.5996108778004
984 , 1000.0 , 336.61676108342976
985 , 1000.0 , 348.04939269866094
986 , 39.0 , 87.99175388848658
987 , 1000.0 , 338.6813217431118
988 , 1000.0 , 303.79952568740015
989 , 1000.0 , 290.29073843582717
990 , 1000.0 , 268.45477771625536
991 , 1000.0 , 288.2927572851184
992 , 1000.0 , 274.3876778079189
993 , 1000.0 , 291.8452603609788
994 , 45.0 , 98.12662714722435
995 , 1000.0 , 229.3299088193275
996 , 67.0 , 88.17892247090549
997 , 1000.0 , 338.55476683066996
998 , 47.0 , 63.61635351620981
999 , 1000.0 , 307.9406999820711
