Seed Value:- 61
1 , 21.19510396543246 , 0.8048960345675382
2 , 0.2156138656433193 , 10.78438613435668
3 , -22.26447603051362 , 40.26447603051362
4 , -19.51097388674138 , 36.510973886741375
5 , -36.73545039307393 , 87.73545039307392
6 , 14.787571652509026 , 1.2124283474909743
7 , 16.970245015378133 , 3.029754984621862
8 , 40.20476681051107 , 32.795233189488926
9 , 22.429089954830758 , 15.570910045169223
10 , 11.630022695537994 , 36.369977304462004
11 , 16.032033148161513 , 0.9679668518384851
12 , 17.185213867063467 , 0.8147861329365329
13 , 19.669164731759764 , 2.330835268240237
14 , 22.052060805291642 , 2.94793919470836
15 , 30.1005518778819 , 5.899448122118101
16 , 59.88200509665144 , 2.11799490334857
17 , 15.832534593040958 , 0.16746540695903908
18 , 26.668139653511425 , 3.331860346488576
19 , 20.05206054161768 , 0.9479394583823127
20 , 25.817639170156262 , 1.1823608298437436
21 , 17.430357468136222 , 0.5696425318637797
22 , 29.853585860429007 , 2.1464141395709966
23 , 26.767564132582812 , 1.2324358674171842
24 , 13.487711636455751 , 0.5122883635442478
25 , 24.25604309543362 , 1.743956904566378
26 , 62.07726893387232 , 1.9227310661276835
27 , 19.17565071489387 , 0.8243492851061252
28 , 21.14638245726081 , 1.8536175427391925
29 , 25.255912383355515 , 0.7440876166444855
30 , 39.32609172718005 , 1.6739082728199444
31 , 23.760572190469556 , 1.2394278095304403
32 , 29.708076886886943 , 1.2919231131130546
33 , 25.118901995888162 , 0.8810980041118348
34 , 22.44119147198475 , 0.5588085280152459
35 , 16.587656270756305 , 0.41234372924369733
36 , 18.677954443322562 , 0.32204555667744045
37 , 27.133880730796267 , 1.8661192692037252
38 , 35.652326135620875 , 7.347673864379123
39 , 29.94198393427362 , 1.058016065726381
40 , 62.61889035567573 , 9.38110964432427
41 , 34.613185111756394 , 14.38681488824361
42 , 36.30295574866035 , 1.6970442513396526
43 , 23.747675120037233 , 1.2523248799627669
44 , 21.341888622969538 , 0.6581113770304567
45 , 8.28104935569969 , 19.71895064430031
46 , 19.684846529859584 , 0.31515347014041717
47 , 18.123033782838615 , 8.876966217161387
48 , 32.11575475960838 , 14.884245240391621
49 , 54.288772595095374 , 16.711227404904648
50 , 31.773402233656768 , 4.226597766343231
51 , 30.118415238524523 , 10.881584761475478
52 , 24.06827757040205 , 3.9317224295979494
53 , 51.26538968176718 , 15.734610318232809
54 , 63.761539199783776 , 21.238460800216245
55 , 24.563975700269147 , 9.436024299730862
56 , 26.721422865505097 , 4.278577134494903
57 , 17.83203272789219 , 4.16796727210781
58 , 58.369205844365 , 5.63079415563499
59 , 48.04931393573509 , 17.95068606426491
60 , 68.41122612166303 , 27.58877387833694
61 , 62.561855057404884 , 10.43814494259513
62 , 20.603735481063563 , 3.3962645189364356
63 , 16.383170630665827 , 3.6168293693341758
64 , 72.62467860431643 , 10.37532139568357
65 , 31.957451583871634 , 6.04254841612837
66 , 45.995419387846695 , 15.004580612153298
67 , 24.58852587181066 , 6.411474128189345
68 , 93.80892482785707 , 12.191075172142922
69 , 36.52954141612362 , 3.4704585838763835
70 , 19.8534647095111 , 3.1465352904888966
71 , 33.7707566384959 , 4.22924336150411
72 , 18.195048472895074 , 3.8049515271049255
73 , 16.423587033915364 , 3.5764129660846358
74 , 51.374725016017706 , 6.625274983982281
75 , 41.29146258961251 , 4.708537410387486
76 , 74.01182863821488 , 7.988171361785103
77 , 23.792841884397475 , 4.207158115602523
78 , 109.27221534473219 , 13.727784655267797
79 , 114.16623040926322 , 25.833769590736825
80 , 24.830125728020278 , 3.1698742719797157
81 , 16.263540200247963 , 2.7364597997520366
82 , 90.36242459413862 , 17.63757540586141
83 , 44.74163721873453 , 10.25836278126547
84 , 107.60613423711258 , 15.393865762887417
85 , 31.435850251028164 , 6.56414974897183
86 , 44.22606705072309 , 9.773932949276908
87 , 17.276778867865552 , 2.723221132134448
88 , 132.1453041312987 , 30.854695868701338
89 , 50.5704285131957 , 20.42957148680431
90 , 43.44339906099261 , 11.556600939007382
91 , 139.16221534949656 , 26.83778465050343
92 , 32.92165316606005 , 10.078346833939946
93 , 21.12533973661899 , 5.874660263381012
94 , 22.607186567782627 , 6.39281343221737
95 , 32.630297010680835 , 12.369702989319153
96 , 16.183395582369187 , 9.816604417630815
97 , 22.047413770951106 , 7.952586229048894
98 , 29.33968192136193 , 10.660318078638067
99 , 17.306266434288073 , 6.693733565711928
100 , 261.09617238846863 , 29.903827611531376
101 , 73.65211347066145 , 28.347886529338556
102 , 113.50547010462816 , 10.494529895371846
103 , 64.87516071373702 , 18.124839286262986
104 , 32.15360933583382 , 6.8463906641661865
105 , 981.386043476874 , 18.613956523125463
106 , 156.75245351753227 , 44.247546482467726
107 , 22.875202064144506 , 11.124797935855495
108 , 165.08798819762296 , 20.912011802377034
109 , 25.158622439729086 , 7.841377560270914
110 , 329.62298175148356 , 21.377018248516965
111 , 37.4790047847798 , 12.520995215220205
112 , 37.37269617151056 , 12.627303828489431
113 , 173.3478085278028 , 16.652191472197096
114 , 310.1855952752331 , 26.814404724766884
115 , 237.61019055557514 , 28.389809444424873
116 , 184.89417178130506 , 25.10582821869506
117 , 343.5305743371874 , 23.46942566281251
118 , 306.5463055314978 , 27.453694468501986
119 , 218.04295238341828 , 18.95704761658147
120 , 21.665569556534642 , 12.334430443465362
121 , 257.23603384388883 , 25.763966156111135
122 , 28.935566118692478 , 10.064433881307528
123 , 177.1192384826904 , 26.880761517309615
124 , 358.710923204008 , 24.28907679599202
125 , 147.61371113057044 , 24.386288869429574
126 , 21.79600442721244 , 4.203995572787556
127 , 95.23966125755878 , 24.760338742441203
128 , 21.78378537725754 , 11.216214622742456
129 , 36.576139672382794 , 11.423860327617207
130 , 398.54074196889997 , 28.459258031099715
131 , 147.37947710807504 , 25.620522891925024
132 , 142.20311297728128 , 27.796887022718757
133 , 24.63065420324538 , 6.369345796754618
134 , 18.681678983473248 , 3.3183210165267494
135 , 210.46969525645787 , 31.530304743542146
136 , 361.9299161710889 , 29.070083828911237
137 , 966.8948839790422 , 33.10511602095912
138 , 22.46296764527322 , 10.53703235472678
139 , 17.123251825274764 , 9.876748174725234
140 , 25.332479388415024 , 9.66752061158498
141 , 42.32642836337787 , 28.67357163662213
142 , 117.82981554348693 , 27.170184456513052
143 , 200.46257610687397 , 28.53742389312609
144 , 109.05948377651806 , 27.94051622348195
145 , 469.2445463210736 , 28.755453678926337
146 , 22.56080976376305 , 17.43919023623695
147 , 110.43820162684894 , 34.561798373151085
148 , 96.18544455191521 , 26.814555448084796
149 , 17.684191806113773 , 3.315808193886225
150 , 154.00389915503624 , 25.996100844963824
151 , 140.57870361331797 , 27.421296386682062
152 , 244.19816357248766 , 26.801836427512477
153 , 245.78677693265786 , 26.213223067342103
154 , 378.87393340303146 , 30.126066596968794
155 , 28.329129916761175 , 11.67087008323882
156 , 277.94676454459625 , 28.05323545540379
157 , 133.1626155244044 , 27.837384475595652
158 , 38.5312112393157 , 27.468788760684298
159 , 93.4115108828639 , 29.58848911713608
160 , 130.58201484606465 , 34.4179851539353
161 , 972.5849029426063 , 27.415097057394068
162 , 212.33387821602167 , 30.666121783978472
163 , 962.7866563127523 , 37.21334368724755
164 , 327.0764402952577 , 25.92355970474205
165 , 101.3885079304519 , 36.61149206954808
166 , 31.143577163080916 , 27.85642283691909
167 , 139.76140784512674 , 25.23859215487313
168 , 366.1410757406192 , 27.8589242593806
169 , 188.25676713693383 , 37.74323286306609
170 , 26.04713241538732 , 13.952867584612676
171 , 976.6381206326162 , 23.361879367383853
172 , 427.73518246573786 , 32.264817534262015
173 , 93.28192202179108 , 27.718077978208957
174 , 238.69941362179458 , 30.30058637820545
175 , 28.230528957192362 , 33.76947104280763
176 , 256.0459432079941 , 31.954056792005865
177 , 18.384655410909485 , 9.615344589090514
178 , 390.34830602320864 , 26.651693976790927
179 , 966.5232832935625 , 33.476716706437465
180 , 44.53486470410876 , 35.46513529589124
181 , 145.7484470407682 , 30.251552959231706
182 , 16.27918653717746 , 8.72081346282254
183 , 978.1589118951665 , 21.84108810483381
184 , 966.9288262029196 , 33.071173797078515
185 , 95.80768777273867 , 35.192312227261326
186 , 424.8129440380831 , 27.187055961917096
187 , 977.3363801531692 , 22.663619846830258
188 , 153.19692930131305 , 27.80307069868706
189 , 50.48973295679209 , 23.510267043207925
190 , 17.426114243754732 , 11.573885756245271
191 , 131.0281559766267 , 35.97184402337335
192 , 322.3015300867823 , 31.69846991321758
193 , 15.408026209621955 , 10.591973790378049
194 , 973.6873959169726 , 26.31260408302698
195 , 719.0276314383425 , 36.97236856165665
196 , 980.4135736171321 , 19.586426382868897
197 , 980.0843694761097 , 19.915630523891917
198 , 653.4959483162681 , 33.50405168373237
199 , 981.0654445353914 , 18.93455546460657
200 , 978.4926890142758 , 21.507310985722317
201 , 979.6935257133852 , 20.306474286615877
202 , 109.74850022757404 , 35.25149977242592
203 , 9.206164238157651 , 39.79383576184236
204 , 958.3191285042014 , 41.680871495799046
205 , 588.6377754383749 , 30.36222456162484
206 , 976.8179938620468 , 23.182006137954286
207 , 977.5475632545406 , 22.452436745459774
208 , 977.4057663922649 , 22.59423360773488
209 , 546.3020736732013 , 38.69792632679862
210 , 974.8561276267241 , 25.143872373275215
211 , 967.4670347846384 , 32.53296521536151
212 , 982.7015156342683 , 17.29848436573167
213 , 971.9323092597634 , 28.06769074023652
214 , 980.0074090734945 , 19.992590926505308
215 , 975.0544600571052 , 24.945539942893202
216 , 20.174517925775557 , 10.825482074224446
217 , 975.070876312214 , 24.929123687786415
218 , 980.8668751033179 , 19.133124896684265
219 , 981.7402832543194 , 18.259716745681704
220 , 367.2364661849647 , 31.763533815035235
221 , 383.2612265633259 , 29.738773436673796
222 , 537.8962921610463 , 31.10370783895357
223 , 984.1062332133115 , 15.893766786687861
224 , 981.6140631086706 , 18.385936891328726
225 , 980.050424726613 , 19.949575273387886
226 , 980.7029414833642 , 19.297058516636348
227 , 981.2030785990218 , 18.796921400979844
228 , 981.8294978324741 , 18.170502167526543
229 , 983.5570652107477 , 16.442934789252693
230 , 304.3529809105756 , 44.64701908942463
231 , 979.0451062110709 , 20.954893788929528
232 , 979.5648258287554 , 20.435174171244373
233 , 166.66491386545792 , 37.33508613454208
234 , 969.7954044119056 , 30.204595588094538
235 , 984.1756454886943 , 15.824354511306202
236 , 967.8920640102123 , 32.1079359897874
237 , 983.8412659245168 , 16.15873407548044
238 , 984.2581815090277 , 15.7418184909728
239 , 981.3515019507678 , 18.64849804923297
240 , 982.5809110298061 , 17.41908897019368
241 , 982.1376199037136 , 17.86238009628718
242 , 34.26087218557966 , 33.73912781442035
243 , 978.5514282775036 , 21.448571722495224
244 , 15.527765853718758 , 15.47223414628124
245 , 970.3882269572597 , 29.61177304274032
246 , 966.1872868811253 , 33.812713118874605
247 , 981.8472144067723 , 18.152785593227087
248 , 19.419467142376025 , 36.58053285762398
249 , 980.3031685060239 , 19.696831493977097
250 , 981.7154736316409 , 18.28452636835849
251 , 978.3901520237373 , 21.60984797626354
252 , 979.1978163721725 , 20.80218362782575
253 , 970.8148988645265 , 29.185101135472383
254 , 976.9637357274983 , 23.036264272502102
255 , 972.1920848433389 , 27.80791515666131
256 , 976.644108884462 , 23.355891115538103
257 , 964.5368256749238 , 35.46317432507715
258 , 19.60483211933494 , 10.395167880665063
259 , 982.101755851188 , 17.89824414881224
260 , 975.45549767467 , 24.544502325329425
261 , 977.6121185637064 , 22.387881436293412
262 , 982.186099923871 , 17.81390007612894
263 , 980.0907648268402 , 19.909235173159935
264 , 981.3719279124288 , 18.628072087571383
265 , 948.7558402114673 , 51.2441597885322
266 , 983.5386568296692 , 16.46134317033056
267 , 967.0575715047197 , 32.94242849527956
268 , 22.72922435928617 , 14.27077564071383
269 , 984.3945481350155 , 15.605451864984497
270 , 16.947787225126895 , 27.052212774873116
271 , 107.92624783529874 , 37.07375216470129
272 , 952.4395779260626 , 47.560422073938454
273 , 968.3965206435884 , 31.60347935641195
274 , 981.8645956063656 , 18.135404393634474
275 , 977.4714944423893 , 22.52850555761025
276 , 944.7468410467943 , 55.25315895320487
277 , 982.3873805057618 , 17.612619494238288
278 , 975.303177811648 , 24.696822188352694
279 , 944.8763458121047 , 55.1236541878948
280 , 974.1850421386926 , 25.814957861306823
281 , 973.3162916922722 , 26.68370830772867
282 , 983.9484547967112 , 16.05154520329015
283 , 639.4676440327341 , 36.53235596726546
284 , 299.67021994263484 , 37.32978005736532
285 , 952.4287491129847 , 47.571250887015644
286 , 977.3862962998655 , 22.613703700133215
287 , 979.2096790710178 , 20.79032092898176
288 , 983.745094363348 , 16.25490563665263
289 , 17.05749655766671 , 21.94250344233329
290 , 984.6557603643222 , 15.344239635676962
291 , 15.418926626855479 , 4.581073373144521
292 , 982.5246344965329 , 17.475365503466406
293 , 961.9237036043976 , 38.07629639560298
294 , 976.8469597274686 , 23.15304027253044
295 , 942.6690113567707 , 57.33098864322857
296 , 982.3530175807223 , 17.64698241927791
297 , 939.4714151587398 , 60.52858484125945
298 , 963.1164700973545 , 36.883529902645215
299 , 14.57059127523202 , 13.42940872476798
300 , 978.4752426353332 , 21.524757364666762
301 , 981.9097704960734 , 18.090229503928285
302 , 978.9095852287994 , 21.09041477120014
303 , 119.8918229885996 , 32.10817701140042
304 , 982.8156228127251 , 17.184377187274755
305 , 263.0726964108385 , 34.92730358916173
306 , 980.745837778218 , 19.254162221782476
307 , 930.7055035257501 , 69.29449647425133
308 , 979.5346608020748 , 20.46533919792554
309 , 981.0766274797295 , 18.923372520270643
310 , 975.2931381566681 , 24.706861843332124
311 , 971.6751136740585 , 28.32488632594105
312 , 969.7063501211601 , 30.29364987884089
313 , 967.9829831679349 , 32.01701683206516
314 , 964.8964919608102 , 35.103508039190885
315 , 978.4757957505936 , 21.524204249407145
316 , 632.1263007931482 , 37.87369920685199
317 , 978.4207718535303 , 21.57922814647003
318 , 980.9791791297737 , 19.020820870227944
319 , 944.6658320946425 , 55.33416790535672
320 , 968.5970818091369 , 31.4029181908639
321 , 981.5749580041421 , 18.425041995857026
322 , 954.3513664628437 , 45.64863353715566
323 , 977.7195543511971 , 22.28044564880299
324 , 983.9660684317926 , 16.03393156820775
325 , 18.690599520801488 , 12.309400479198512
326 , 16.903577264457965 , 14.096422735542037
327 , 977.3142676201492 , 22.68573237985088
328 , 969.9084997275695 , 30.091500272429997
329 , 945.3524746858656 , 54.64752531413516
330 , 978.2377568167007 , 21.7622431833002
331 , 14.004915654684929 , 15.995084345315073
332 , 16.541006786101526 , 13.458993213898475
333 , 261.6971598645853 , 36.30284013541473
334 , 17.05230204244132 , 7.947697957558679
335 , 981.5309780118683 , 18.469021988130102
336 , 978.0291897500414 , 21.970810249958628
337 , 981.0120463798863 , 18.987953620113647
338 , 937.3952465626114 , 62.60475343738852
339 , 979.638923280855 , 20.361076719145025
340 , 954.2828704405989 , 45.71712955940073
341 , 980.5003271499886 , 19.49967285001003
342 , 957.0564225634125 , 42.94357743658831
343 , 947.2487023910169 , 52.751297608982235
344 , 967.6342303543847 , 32.3657696456156
345 , 405.11288555365877 , 29.887114446341126
346 , 955.698243669307 , 44.30175633069208
347 , 975.5522710498419 , 24.447728950157895
348 , 955.5926216438056 , 44.40737835619503
349 , 936.2355794891631 , 63.764420510836324
350 , 944.0251648992173 , 55.974835100783565
351 , 133.56691164017496 , 38.43308835982495
352 , 961.3833463756747 , 38.61665362432541
353 , 970.5998712943806 , 29.40012870561968
354 , 983.1030967481022 , 16.8969032518983
355 , 975.9897262437307 , 24.010273756270248
356 , 963.379429379508 , 36.62057062049113
357 , 971.4834872262344 , 28.516512773765093
358 , 978.8356308633543 , 21.164369136646783
359 , 979.7994948107936 , 20.20050518920678
360 , 980.5240615407378 , 19.475938459261958
361 , 982.7937206820826 , 17.206279317916835
362 , 965.3687227617835 , 34.63127723821665
363 , 978.574862912866 , 21.425137087133503
364 , 983.6098476727387 , 16.390152327262253
365 , 980.6312414311142 , 19.36875856888594
366 , 20.98621551200505 , 17.013784487994947
367 , 967.8397760185305 , 32.16022398146987
368 , 980.3607201963933 , 19.639279803607185
369 , 983.03116548674 , 16.968834513260553
370 , 982.6664675347658 , 17.333532465233652
371 , 940.9464418777509 , 59.053558122247914
372 , 969.1755103603884 , 30.824489639612935
373 , 931.7311840969435 , 68.26881590305746
374 , 5.118725712955512 , 55.881274287044484
375 , 974.4336268150752 , 25.566373184924398
376 , 983.1229789575355 , 16.877021042463035
377 , 983.1664250934795 , 16.83357490652041
378 , -3.477715046972834 , 90.47771504697288
379 , 978.3229484856081 , 21.677051514389383
380 , 983.6975164815647 , 16.302483518434673
381 , 976.2016425548723 , 23.798357445129312
382 , 974.473218160386 , 25.52678183961446
383 , 968.9363575357742 , 31.063642464226547
384 , 968.0079005172605 , 31.992099482738823
385 , 972.6982587763596 , 27.30174122364035
386 , 18.517110900583614 , 10.482889099416388
387 , 968.7162603058898 , 31.28373969411103
388 , 343.81261139879683 , 33.18738860120374
389 , 983.6483885901195 , 16.351611409881095
390 , 984.1832635684194 , 15.816736431579756
391 , 982.1435181110777 , 17.856481888921603
392 , 18.469220924649285 , 12.530779075350715
393 , 925.5882493888058 , 74.41175061119489
394 , 954.1777509307327 , 45.82224906926761
395 , 982.1743705806053 , 17.825629419394314
396 , 976.9170105248832 , 23.0829894751162
397 , 974.4042444629484 , 25.595755537051772
398 , 980.2208300508671 , 19.779169949131838
399 , 980.3140897497395 , 19.68591025026067
400 , 969.2918041824987 , 30.708195817501963
401 , 970.1407185727649 , 29.859281427234787
402 , 968.6691280035292 , 31.330871996470623
403 , 981.3294490863366 , 18.67055091366383
404 , 983.4028109198018 , 16.597189080198056
405 , 984.6744272644485 , 15.325572735550764
406 , 943.4399175299167 , 56.56008247008384
407 , 983.3359832006577 , 16.664016799343084
408 , 979.5347567972967 , 20.46524320270321
409 , 975.904990196855 , 24.095009803145306
410 , 969.2134764758749 , 30.786523524125528
411 , 981.0608286546318 , 18.93917134537005
412 , 982.6758803470134 , 17.324119652986944
413 , 963.4246675479399 , 36.575332452060884
414 , 973.9077441183283 , 26.092255881670283
415 , 975.0081765765138 , 24.991823423485236
416 , 982.3847556789864 , 17.615244321013
417 , 981.0031068090225 , 18.99689319097771
418 , 984.6658024748435 , 15.33419752515791
419 , 978.0955590842715 , 21.90444091572896
420 , 973.0086240800312 , 26.99137591996971
421 , 972.1816732734278 , 27.818326726571588
422 , 982.2315097740336 , 17.768490225966545
423 , 951.5771160074507 , 48.4228839925492
424 , 973.3984378815677 , 26.60156211843296
425 , 984.222441441722 , 15.777558558277917
426 , 965.1375130827272 , 34.862486917273785
427 , 971.2077944053973 , 28.792205594602983
428 , 983.2589436549002 , 16.741056345097626
429 , 939.9213839844111 , 60.078616015588786
430 , 977.251669637813 , 22.748330362184692
431 , 985.0260831698292 , 14.973916830171051
432 , 982.7545898209378 , 17.245410179061555
433 , 974.3746960079841 , 25.62530399201485
434 , 981.1974209503036 , 18.802579049694895
435 , -1.618737728042864 , 46.61873772804286
436 , 938.6975357136109 , 61.30246428638854
437 , 971.8620742619272 , 28.137925738071946
438 , 971.2233047719438 , 28.776695228056138
439 , 984.2543255585899 , 15.745674441411113
440 , 978.5457213221521 , 21.45427867784794
441 , 978.4470047723867 , 21.552995227612442
442 , 975.7787871892709 , 24.22121281072915
443 , 984.6678090168915 , 15.332190983108399
444 , 975.3648804105194 , 24.635119589480738
445 , 31.42394731091946 , 40.57605268908056
446 , 971.9691055293655 , 28.0308944706345
447 , 981.4720221007008 , 18.527977899297838
448 , 15.191733140005736 , 23.808266859994266
449 , 983.4753129259678 , 16.52468707403123
450 , 940.622225308001 , 59.37777469199959
451 , 970.3271089654331 , 29.672891034566053
452 , -4.180035522091906 , 51.18003552209191
453 , 982.3591977383479 , 17.640802261652354
454 , 977.2640646126408 , 22.73593538735961
455 , 981.4729842868172 , 18.52701571318251
456 , 964.2198753630568 , 35.78012463694464
457 , 983.952133554276 , 16.047866445723976
458 , 982.8407985983056 , 17.1592014016945
459 , 981.8548430816992 , 18.145156918299683
460 , 982.9864378984495 , 17.01356210154983
461 , 962.3536619443361 , 37.64633805566529
462 , 930.6877360540065 , 69.3122639459933
463 , 980.4613042385524 , 19.53869576144738
464 , 943.1129395281457 , 56.88706047185465
465 , 979.8788619455773 , 20.121138054421998
466 , 894.6206996340057 , 105.37930036599474
467 , 978.0900620647677 , 21.909937935231635
468 , 982.8462719535768 , 17.153728046422657
469 , 974.6565710421153 , 25.34342895788444
470 , 975.9270942059403 , 24.072905794059615
471 , 942.3625527509869 , 57.63744724901319
472 , 973.9547252189404 , 26.04527478105946
473 , 971.6682880969621 , 28.331711903037114
474 , 980.4810159016781 , 19.51898409832336
475 , 980.574470298935 , 19.425529701064804
476 , 978.2141202436774 , 21.785879756324345
477 , -20.03331428812159 , 63.03331428812159
478 , 981.1934821902944 , 18.80651780970453
479 , 940.2803355815937 , 59.71966441840538
480 , 982.9630642877423 , 17.03693571225665
481 , 15.098360788372345 , 8.901639211627652
482 , 980.1164844942513 , 19.88351550574781
483 , 979.6445145934008 , 20.355485406599886
484 , 956.5650019124113 , 43.43499808758778
485 , 982.084788533421 , 17.915211466578533
486 , 978.8234688378192 , 21.176531162181423
487 , 18.26757401834378 , 13.732425981656224
488 , 970.8835608895533 , 29.116439110446983
489 , 947.2377946552583 , 52.76220534474178
490 , 961.2483773923544 , 38.751622607645864
491 , 927.2128659066975 , 72.7871340933025
492 , 983.4649701809535 , 16.535029819047367
493 , 982.5924558829824 , 17.40754411701793
494 , 981.6049846136087 , 18.395015386391677
495 , 961.5010608038774 , 38.49893919612294
496 , 978.8921765169868 , 21.10782348301323
497 , 965.1820370160059 , 34.81796298399477
498 , 980.5443443443636 , 19.455655655637603
499 , 983.2654973383811 , 16.734502661619153
500 , 940.0308518210023 , 59.969148178998665
501 , 979.0600838437332 , 20.93991615626618
502 , 940.9673093659567 , 59.03269063404329
503 , 977.4387127296943 , 22.561287270305534
504 , 972.0922374560035 , 27.907762543997027
505 , 976.0303396955753 , 23.96966030442469
506 , 956.5212126203414 , 43.47878737965936
507 , 979.7660768056803 , 20.233923194320088
508 , 973.665612318931 , 26.334387681069337
509 , 976.6538423964739 , 23.346157603526002
510 , 958.1047374039535 , 41.895262596046045
511 , 960.0065373001325 , 39.99346269986631
512 , 979.128937145327 , 20.871062854671184
513 , 981.9714355775297 , 18.02856442247082
514 , 960.4370306692834 , 39.562969330715745
515 , 965.6263584036155 , 34.37364159638435
516 , 976.9832864393007 , 23.01671356070009
517 , 937.4226551989324 , 62.57734480106719
518 , 966.5992968614486 , 33.400703138551656
519 , 976.7998787688945 , 23.20012123110421
520 , 14.882722983182152 , 20.117277016817845
521 , 981.0202562029589 , 18.979743797039202
522 , 958.1681307723848 , 41.83186922761498
523 , 964.3249327209925 , 35.675067279008985
524 , 5.955030658894456 , 61.044969341105535
525 , 969.1389428293847 , 30.861057170616547
526 , 712.4673761340088 , 32.53262386599079
527 , 976.3243998677243 , 23.67560013227627
528 , 962.7438771766701 , 37.256122823330315
529 , 974.9861422271572 , 25.013857772842083
530 , 979.8881114565529 , 20.11188854344662
531 , 977.8016982561326 , 22.19830174386706
532 , 974.4258364666538 , 25.574163533346766
533 , 953.9109943601991 , 46.08900563980201
534 , 980.0080458095155 , 19.99195419048483
535 , 981.0571765207727 , 18.942823479228245
536 , 942.837796672366 , 57.162203327635254
537 , 977.3043090030918 , 22.695690996908727
538 , 955.7411613422486 , 44.258838657751355
539 , 977.9169716928059 , 22.083028307195065
540 , 981.7544309207572 , 18.245569079243246
541 , 980.9870073677058 , 19.012992632294846
542 , 908.570892961233 , 91.42910703876622
543 , 944.9305519807813 , 55.069448019218434
544 , 945.4974821414962 , 54.5025178585041
545 , 956.9012987520813 , 43.09870124791748
546 , 970.7831098691988 , 29.21689013080024
547 , 979.3270408403052 , 20.67295915969462
548 , 955.2192450001356 , 44.78075499986507
549 , 944.6111414843502 , 55.38885851564835
550 , 983.4689382654816 , 16.531061734519085
551 , 972.3754355034862 , 27.624564496512757
552 , 929.265533087132 , 70.734466912868
553 , 974.2954896602861 , 25.704510339714187
554 , 951.8511168443077 , 48.14888315569222
555 , 981.6256723870479 , 18.374327612952786
556 , 968.303372373472 , 31.696627626527746
557 , 970.6125941075715 , 29.38740589242901
558 , 984.0728972433327 , 15.927102756666958
559 , 963.9665736118832 , 36.03342638811732
560 , 982.5374306952398 , 17.46256930476014
561 , 945.2054077260831 , 54.79459227391597
562 , 808.4456454377279 , 47.55435456227362
563 , 983.577632443221 , 16.42236755677811
564 , 972.8822059437845 , 27.11779405621552
565 , 982.3822809470939 , 17.617719052906185
566 , 981.0454449687475 , 18.954555031252113
567 , 974.8101660814958 , 25.189833918504103
568 , 978.5464429112029 , 21.453557088796398
569 , 15.89186451591878 , 11.10813548408122
570 , 956.0888644437781 , 43.911135556221886
571 , 968.5896976943671 , 31.410302305633007
572 , 984.4160567212547 , 15.583943278743925
573 , 972.1046547819961 , 27.895345218004394
574 , 963.7024628086314 , 36.297537191368264
575 , 985.1729178867296 , 14.827082113271647
576 , 984.0021300398622 , 15.997869960137706
577 , 948.3013432863714 , 51.69865671362897
578 , 938.2334143973551 , 61.76658560264528
579 , 16.50688867718521 , 3.49311132281479
580 , 113.39705912924343 , 28.602940870756555
581 , 962.5095469140563 , 37.4904530859441
582 , 982.2782718473078 , 17.7217281526913
583 , 932.5225034431076 , 67.47749655689339
584 , 970.0014213956695 , 29.998578604329907
585 , 978.178665531778 , 21.82133446822294
586 , 975.0896327308369 , 24.910367269162865
587 , 13.130770720803335 , 8.869229279196666
588 , 978.9923693402937 , 21.00763065970662
589 , 983.1800645486053 , 16.819935451395928
590 , 972.7395847589163 , 27.260415241084253
591 , 418.38368584814657 , 32.61631415185376
592 , 942.4213262556472 , 57.578673744352024
593 , 968.0712483743857 , 31.928751625615707
594 , 983.8843186413526 , 16.115681358647944
595 , 919.9698146897932 , 80.0301853102072
596 , 967.2649321888495 , 32.73506781115156
597 , 978.9687947020983 , 21.031205297902048
598 , 974.969401623517 , 25.030598376483805
599 , 899.1346077522626 , 100.86539224773819
600 , 15.767468780734001 , 8.232531219266
601 , 943.5912031900127 , 56.40879680998782
602 , 984.8355204330845 , 15.164479566914922
603 , 980.5551939183949 , 19.444806081604128
604 , 973.8143780006013 , 26.185621999398663
605 , 99.62085698657648 , 42.37914301342352
606 , 983.6798006439809 , 16.320199356019256
607 , 942.3944825489239 , 57.605517451074846
608 , 974.869178949908 , 25.130821050091654
609 , 15.807307943678719 , 24.192692056321278
610 , 963.7473161307335 , 36.25268386926624
611 , 957.8627309556902 , 42.137269044310116
612 , 979.1915029612259 , 20.80849703877446
613 , 968.8570349079679 , 31.142965092030934
614 , 942.6645290431227 , 57.33547095687902
615 , 983.8806709414164 , 16.119329058584757
616 , 962.2291380573864 , 37.77086194261379
617 , 982.4228147611445 , 17.57718523885559
618 , 970.7132239038389 , 29.286776096158604
619 , 973.8755053626587 , 26.124494637340337
620 , 971.2163208942995 , 28.783679105700124
621 , 17.532432428323176 , 11.467567571676824
622 , 962.5750964077365 , 37.42490359226246
623 , 949.3794367633581 , 50.62056323664226
624 , 933.5005177348293 , 66.49948226516999
625 , 978.6012928594066 , 21.39870714059272
626 , 976.3773084709082 , 23.622691529092258
627 , 14.997312025357045 , 15.002687974642955
628 , 976.970022836614 , 23.029977163386445
629 , 966.3372870181754 , 33.662712981823724
630 , 456.2062704470865 , 41.79372955291338
631 , 968.2321665131071 , 31.767833486893633
632 , 18.624357012951908 , 10.375642987048094
633 , 259.5360842420875 , 83.46391575791279
634 , 894.1885033220316 , 105.81149667796835
635 , 965.7572050181797 , 34.242794981820055
636 , 932.0665521132502 , 67.93344788674999
637 , 15.159569975571554 , 10.840430024428445
638 , 974.7857201564211 , 25.21427984357914
639 , 980.6692224402412 , 19.330777559759323
640 , 982.6974531530614 , 17.30254684693832
641 , 8.887237763178616 , 34.112762236821375
642 , 31.756772759613654 , 41.24322724038634
643 , 981.3199816806413 , 18.68001831935851
644 , 966.5933641911605 , 33.40663580883926
645 , 948.50627640631 , 51.49372359369068
646 , 978.8241319975244 , 21.175868002476584
647 , 983.7408707432497 , 16.259129256749613
648 , 13.256672757863884 , 24.74332724213611
649 , 920.4656624688033 , 79.53433753119664
650 , 979.5925882720243 , 20.407411727975628
651 , 982.5870120542597 , 17.412987945739864
652 , 550.5376565661555 , 38.46234343384484
653 , 937.435102705653 , 62.56489729434622
654 , 983.6698387262782 , 16.33016127372158
655 , 966.3440074107326 , 33.65599258926703
656 , 509.2489558734063 , 36.75104412659322
657 , 980.4826800362492 , 19.5173199637516
658 , 972.4213325509563 , 27.578667449044307
659 , 982.1760836660494 , 17.82391633395071
660 , 984.6370537955672 , 15.362946204431708
661 , 984.7344798895322 , 15.2655201104679
662 , 970.7407100984863 , 29.259289901515942
663 , 966.4206285125471 , 33.57937148745319
664 , 913.4451835148878 , 86.55481648511234
665 , 973.3625821571119 , 26.637417842888755
666 , 968.4064579969775 , 31.59354200302082
667 , 14.595612195743128 , 36.40438780425687
668 , 979.9258549696623 , 20.074145030337878
669 , 981.2472394510479 , 18.752760548952303
670 , 981.3652867247 , 18.634713275299752
671 , 984.3645969251478 , 15.635403074853304
672 , 397.825647574122 , 36.17435242587812
673 , 970.9081746750496 , 29.091825324950303
674 , -13.162291505225971 , 77.16229150522597
675 , 968.1789939779374 , 31.82100602206274
676 , 982.005301402256 , 17.99469859774233
677 , 978.6972350008393 , 21.302764999161504
678 , 950.3391575751926 , 49.660842424806496
679 , 984.6795189495182 , 15.32048105048375
680 , 980.9978206895744 , 19.00217931042478
681 , 974.8172313855785 , 25.182768614421835
682 , 957.4743166953482 , 42.52568330465151
683 , 984.3968168647363 , 15.603183135263356
684 , 970.5071204055887 , 29.492879594411843
685 , 798.8174488344255 , 32.18255116557491
686 , 984.0197392679123 , 15.980260732087718
687 , 981.939811963721 , 18.060188036278525
688 , 914.3465960030757 , 85.65340399692364
689 , 980.9799805399094 , 19.020019460089724
690 , 932.1512230987539 , 67.84877690124674
691 , 897.7857086277746 , 102.21429137222377
692 , 984.8561375289954 , 15.143862471003864
693 , 960.8434912938944 , 39.15650870610517
694 , 983.8935217268402 , 16.10647827316038
695 , 983.195159631479 , 16.804840368521347
696 , 983.046523531478 , 16.953476468522098
697 , 59.194748629751736 , 35.80525137024826
698 , 981.793921826415 , 18.206078173585365
699 , 970.2437272284394 , 29.756272771560646
700 , 983.1344966171761 , 16.86550338282411
701 , 981.5631162836504 , 18.43688371634934
702 , 957.2034656525763 , 42.79653434742373
703 , 983.1537421625877 , 16.846257837411777
704 , 975.9131764125292 , 24.08682358746979
705 , 945.3105279798209 , 54.68947202017828
706 , 969.7655268792837 , 30.234473120717084
707 , 982.8916890264334 , 17.108310973565935
708 , 981.7443929140693 , 18.25560708593068
709 , 976.4884098548487 , 23.511590145151054
710 , 970.6297321704894 , 29.370267829510823
711 , 983.5501156129031 , 16.449884387097413
712 , 975.7904961786338 , 24.209503821366635
713 , 978.7681674986611 , 21.231832501338737
714 , -59.593197994376695 , 96.59319799437671
715 , 978.7240956258009 , 21.275904374199623
716 , 977.0068591249728 , 22.993140875026526
717 , 976.718448176642 , 23.28155182335687
718 , 984.3314627110624 , 15.668537288937916
719 , 980.9036083784513 , 19.096391621548705
720 , 951.8195928461275 , 48.180407153873105
721 , 983.256896514058 , 16.743103485942964
722 , 917.8373474384238 , 82.16265256157648
723 , 978.4781734654182 , 21.521826534581265
724 , 973.3794966542113 , 26.620503345788535
725 , 971.8162088413465 , 28.183791158653538
726 , 974.127949693557 , 25.872050306442016
727 , 934.1382700803697 , 65.86172991962975
728 , 983.6254650358914 , 16.374534964108857
729 , 982.6504813663796 , 17.349518633620818
730 , 980.6489728291299 , 19.351027170869664
731 , 976.3542543850156 , 23.645745614984474
732 , 980.9998163678464 , 19.000183632154066
733 , 934.0093256662498 , 65.9906743337494
734 , 963.0516607900443 , 36.948339209956536
735 , 937.4156371187606 , 62.58436288123795
736 , 9.067638516903088 , 23.932361483096912
737 , 162.85361636176577 , 32.14638363823423
738 , 978.3627261263081 , 21.63727387369199
739 , 941.0803886352603 , 58.9196113647394
740 , -40.46182257837321 , 78.4618225783732
741 , 981.594520179803 , 18.40547982019688
742 , 982.8946866526305 , 17.105313347368295
743 , 16.067670331755917 , 11.932329668244087
744 , 983.9866224182472 , 16.013377581752085
745 , 980.9910316907619 , 19.008968309237336
746 , -52.807243100897345 , 145.80724310089732
747 , 982.5092393377734 , 17.490760662227103
748 , 979.7919177159107 , 20.208082284090445
749 , 980.5438409488019 , 19.456159051199563
750 , 980.1524337680892 , 19.847566231911095
751 , 958.2020139397322 , 41.797986060268904
752 , 956.1208779028016 , 43.87912209719784
753 , 969.5579348423671 , 30.442065157631593
754 , 984.1550196018231 , 15.84498039817602
755 , 975.6467450035497 , 24.35325499645019
756 , 977.7166959536298 , 22.28330404637082
757 , 980.9915129210799 , 19.008487078920883
758 , 544.0534482224015 , 31.946551777598604
759 , 980.200437615431 , 19.799562384568095
760 , 567.001105463055 , 32.99889453694517
761 , 977.2135832439463 , 22.786416756052727
762 , 980.6008384709494 , 19.399161529051668
763 , -45.00945843111173 , 86.00945843111175
764 , 982.0188636627252 , 17.98113633727514
765 , 971.9497107658154 , 28.050289234185325
766 , 952.3698009650112 , 47.630199034988685
767 , 976.962040132273 , 23.03795986772859
768 , 979.5521167607335 , 20.447883239267288
769 , 982.2771611190226 , 17.72283888097726
770 , 15.483449812933854 , 17.51655018706615
771 , 970.5483230386118 , 29.45167696138794
772 , 978.8346461922184 , 21.16535380778368
773 , 929.1541363248072 , 70.84586367519249
774 , 626.079638259047 , 69.92036174095344
775 , 976.2555365815482 , 23.7444634184506
776 , 977.5064813299862 , 22.49351867001395
777 , 660.0273140248157 , 50.97268597518371
778 , 975.9125186171448 , 24.087481382854776
779 , 971.9022399054319 , 28.09776009456858
780 , 891.4961883186403 , 108.50381168136072
781 , 920.3539000984381 , 79.6460999015625
782 , 921.9126968281851 , 39.087303171815826
783 , 979.5900278448281 , 20.409972155172156
784 , 930.8794185977376 , 69.12058140226355
785 , 980.9568727467076 , 19.043127253292628
786 , 530.5441521129479 , 32.45584788705209
787 , 977.6832866947713 , 22.31671330522783
788 , 948.0379122829389 , 51.96208771706069
789 , 979.6217227173208 , 20.378277282678763
790 , 981.8019477802825 , 18.19805221971733
791 , 964.0986207619932 , 35.90137923800638
792 , 929.8226090579684 , 70.17739094203084
793 , 964.6851130119109 , 35.314886988089356
794 , 980.2946369701597 , 19.70536302983911
795 , 969.0424732149132 , 30.95752678508647
796 , 977.1293822656141 , 22.870617734386226
797 , 976.7633637782133 , 23.23663622178667
798 , 982.4098754920536 , 17.59012450794638
799 , 336.9253689436033 , 41.07463105639681
800 , 964.1924966262924 , 35.80750337370682
801 , 972.4014866752505 , 27.59851332474894
802 , 976.2126098983864 , 23.787390101613767
803 , 958.4531453204764 , 41.54685467952354
804 , 957.0729439155883 , 42.92705608441161
805 , 963.8201757776224 , 36.17982422237716
806 , 978.5827864850297 , 21.41721351497044
807 , 921.6597209502677 , 78.34027904973175
808 , 981.7299759947568 , 18.27002400524305
809 , 970.380386337703 , 29.61961366229714
810 , 960.7265550987828 , 39.273444901218305
811 , 923.7504630223297 , 76.24953697767026
812 , 969.7987444410562 , 30.201255558944016
813 , 14.461154017056664 , 19.538845982943332
814 , 969.5121870967143 , 30.487812903284702
815 , 957.449669977589 , 42.55033002241102
816 , 909.1608068667665 , 90.8391931332341
817 , 416.55482210004124 , 93.44517789995894
818 , 978.9877640477429 , 21.012235952257683
819 , 975.0380476550732 , 24.961952344928417
820 , 958.7935487550338 , 41.20645124496577
821 , 369.4302437618412 , 51.56975623815869
822 , 981.2191968805244 , 18.780803119476353
823 , -25.434535397511834 , 64.43453539751185
824 , 975.0944648262155 , 24.90553517378459
825 , 982.429997080369 , 17.570002919631015
826 , 968.5147340269488 , 31.485265973050886
827 , 967.5086820581752 , 32.491317941824825
828 , 980.1142771675185 , 19.885722832482653
829 , 977.556663362484 , 22.44333663751671
830 , 948.7529825624877 , 51.2470174375127
831 , 15.340397923914178 , 7.659602076085822
832 , 976.6292089767286 , 23.370791023272073
833 , 982.2545607876017 , 17.745439212397887
834 , 981.0331780596493 , 18.96682194035126
835 , 799.7176482239747 , 53.282351776025806
836 , 982.5757178952636 , 17.424282104735894
837 , 954.9582983160584 , 45.04170168394322
838 , 980.2439537314916 , 19.75604626851007
839 , 966.2415808321816 , 33.75841916781896
840 , 980.380755450741 , 19.61924454925853
841 , 979.1735014466782 , 20.82649855332179
842 , 962.3418864802269 , 37.65811351977133
843 , 948.0576829241735 , 51.94231707582676
844 , 980.0103006703241 , 19.98969932967399
845 , 969.0032970495702 , 30.99670295042977
846 , 982.0555460539509 , 17.944453946047766
847 , 963.5073281765107 , 36.49267182348791
848 , 962.3571383348473 , 37.642861665152104
849 , 940.7426792572663 , 59.25732074273392
850 , 975.910249458592 , 24.08975054140874
851 , 908.1669860752546 , 91.83301392474569
852 , 969.985408361543 , 30.014591638457343
853 , 959.7043575125631 , 40.295642487436275
854 , 981.0204582067222 , 18.97954179327868
855 , 982.7291563001057 , 17.270843699895078
856 , 977.4304680950097 , 22.569531904990484
857 , 954.7776223645881 , 45.222377635412215
858 , 978.3320542601647 , 21.66794573983347
859 , 978.1889863821674 , 21.81101361783554
860 , 946.9134408759259 , 53.08655912407409
861 , 973.817521263547 , 26.182478736454502
862 , 980.2511473720166 , 19.748852627984082
863 , 956.6679279104595 , 43.33207208954166
864 , 978.4377100139727 , 21.56228998602588
865 , 11.941344007883169 , 24.058655992116833
866 , 976.9417808045486 , 23.05821919545121
867 , 978.1049297443615 , 21.89507025563957
868 , 967.0933696324009 , 32.9066303675985
869 , 920.2431532188538 , 79.7568467811453
870 , 980.5599722881789 , 19.440027711819347
871 , 984.7422948842924 , 15.257705115706006
872 , 981.0116140073397 , 18.988385992660263
873 , 978.2542390969109 , 21.745760903088932
874 , 969.598776052779 , 30.401223947220096
875 , 904.7875807018245 , 43.21241929817466
876 , 976.6052320727439 , 23.394767927255348
877 , 980.0224942118855 , 19.977505788114588
878 , 983.6814610628551 , 16.318538937145753
879 , 957.2517943039097 , 42.74820569608935
880 , 952.5536494672756 , 47.44635053272514
881 , 981.6267327289185 , 18.373267271080703
882 , 961.4462838520894 , 38.55371614791136
883 , 977.177365599933 , 22.822634400067237
884 , 983.4328220938522 , 16.567177906148153
885 , 981.6331203288381 , 18.366879671162412
886 , 956.4111125113038 , 43.58888748869611
887 , 980.3567940046538 , 19.64320599534624
888 , 957.4001442496502 , 42.59985575035128
889 , 973.3815997203797 , 26.618400279618623
890 , 980.0740784415519 , 19.925921558446813
891 , 974.3230802341277 , 25.676919765872327
892 , -26.60230140489652 , 69.60230140489654
893 , 983.0506888023679 , 16.94931119763142
894 , 958.4769264021545 , 41.52307359784623
895 , 977.788387496977 , 22.211612503023527
896 , 979.3865916804147 , 20.61340831958527
897 , 979.6426596856138 , 20.3573403143856
898 , 977.6818429807761 , 22.318157019222763
899 , 898.1964414514403 , 101.80355854856064
900 , 979.237958541407 , 20.762041458594403
901 , 963.2727204518287 , 36.727279548170216
902 , 978.33046746448 , 21.669532535519984
903 , 984.4574968313735 , 15.542503168627235
904 , 978.2728221211854 , 21.72717787881453
905 , 984.7613161672327 , 15.238683832766844
906 , 981.4147587944398 , 18.585241205560955
907 , 977.5641499294812 , 22.435850070518825
908 , 968.2170417175971 , 31.78295828240309
909 , 978.0192406129551 , 21.98075938704542
910 , 980.1735813835223 , 19.826418616477337
911 , 982.6152834085134 , 17.384716591485017
912 , 969.6262148376052 , 30.373785162394995
913 , 979.1868017784827 , 20.813198221517172
914 , 984.0287386399468 , 15.97126136005298
915 , 983.8923079673198 , 16.107692032681374
916 , 976.1295769113007 , 23.870423088700054
917 , 922.7500705172141 , 77.2499294827867
918 , 962.893881620265 , 37.10611837973732
919 , 979.7380638963754 , 20.261936103624997
920 , 955.1611367979338 , 44.838863202066534
921 , 977.0490081233029 , 22.950991876697195
922 , 980.9992346262108 , 19.00076537378871
923 , 971.9616595970259 , 28.038340402972963
924 , 911.338924595153 , 88.66107540484734
925 , 959.2129636894458 , 40.787036310554065
926 , 977.625961319416 , 22.37403868058353
927 , 983.920196243936 , 16.079803756064454
928 , 977.1152781209721 , 22.884721879028056
929 , 940.2479712223138 , 59.75202877768747
930 , 940.5143548272911 , 59.48564517270872
931 , 983.5619083903466 , 16.438091609654307
932 , 955.4258788365667 , 44.57412116343269
933 , 983.8022047209379 , 16.197795279062653
934 , 980.7138044299319 , 19.286195570068557
935 , 976.5749471570686 , 23.42505284293197
936 , 981.8511324279808 , 18.148867572019977
937 , 971.7906107283695 , 28.209389271630812
938 , 976.8147941049144 , 23.185205895085836
939 , 981.0314902771381 , 18.96850972286219
940 , 978.8530963083222 , 21.14690369167702
941 , 965.90987601005 , 34.09012398995009
942 , 984.4646834408736 , 15.53531655912757
943 , -31.56922705608329 , 72.56922705608332
944 , 982.8072137252814 , 17.19278627472048
945 , -33.12712111387085 , 72.12712111387086
946 , 969.9992292834252 , 30.000770716575648
947 , 958.5257333947375 , 41.474266605262024
948 , 982.3079974977185 , 17.692002502280722
949 , 973.6584622559773 , 26.341537744022865
950 , 975.3580152593273 , 24.641984740672804
951 , 969.6179883105747 , 30.38201168942428
952 , 949.5853584141493 , 50.414641585852046
953 , 979.9781374213209 , 20.021862578679674
954 , 972.5430573945162 , 27.45694260548277
955 , 980.4122664707039 , 19.587733529295672
956 , 982.120480773871 , 17.879519226128956
957 , 983.8612021192158 , 16.13879788078416
958 , 970.2137315792523 , 29.78626842074804
959 , 957.0058405492116 , 42.994159450788246
960 , 981.6842541372745 , 18.31574586272482
961 , 921.7002803146895 , 78.29971968531184
962 , 934.2312010621671 , 65.76879893783342
963 , 12.775769447119384 , 16.22423055288062
964 , 949.4270886963777 , 50.57291130362221
965 , 958.5408600581584 , 41.459139941841094
966 , 253.4258756118582 , 44.57412438814189
967 , 980.2631645516094 , 19.736835448391066
968 , 971.3739177647112 , 28.626082235288457
969 , 979.3506858051506 , 20.649314194848934
970 , 980.4816729685663 , 19.518327031434207
971 , 944.6578324112262 , 55.34216758877483
972 , 977.4149993763803 , 22.58500062361895
973 , 694.2304270663294 , 46.76957293367109
974 , 946.0097928012184 , 53.99020719878258
975 , 938.9699112893139 , 61.03008871068581
976 , 961.0902124862398 , 38.909787513760556
977 , 967.2778362387594 , 32.72216376123969
978 , 923.7239862393815 , 76.27601376061979
979 , 981.5346160520813 , 18.465383947918195
980 , 982.7220570854945 , 17.2779429145058
981 , 979.2604921219126 , 20.739507878086183
982 , 978.3629242564614 , 21.63707574353754
983 , 958.297983437711 , 41.70201656229149
984 , 982.7125742528027 , 17.28742574719701
985 , 956.0774029236329 , 43.922597076366685
986 , 16.41320514307791 , 3.5867948569220918
987 , 979.8446380625387 , 20.155361937461883
988 , 982.9007410666146 , 17.099258933385457
989 , 966.7702813838459 , 33.22971861615455
990 , 977.2195284168021 , 22.780471583197077
991 , 581.1615649632851 , 31.838435036715342
992 , 981.8430643173041 , 18.156935682695227
993 , 982.0354999057561 , 17.96450009424383
994 , 15.578764450915221 , 5.421235549084779
995 , 979.5694389240922 , 20.430561075908177
996 , 105.62617731234943 , 63.37382268765055
997 , 978.5078466092378 , 21.492153390762752
998 , 15.594463816603982 , 4.405536183396018
999 , 979.8922490188074 , 20.107750981191266
