Seed Value:- 61
1 , -125.61639522822563 , 0.8048960345675382
2 , -99.27812788765759 , 76.9688771909898
3 , -134.03796145914313 , 17.623321012788107
4 , -160.39173630846153 , 41.143633719228006
5 , -133.63488857965942 , 11.277431531205469
6 , -97.1124097926423 , 4.2283293148470245
7 , -99.55457581273738 , 84.5318023971281
8 , -134.95099949476648 , 16.376812919865557
9 , -127.01681448978206 , 16.12708190890689
10 , -114.55929109365174 , 13.77145313735893
11 , -97.29546997322029 , 47.459088550504816
12 , -92.63276263959831 , 28.857671496458348
13 , -122.44839718402612 , 10.24393188811213
14 , -117.79921886825687 , 70.43375587231745
15 , -136.69213725959892 , 93.86066487066867
16 , -143.8775802989265 , 50.42983141508641
17 , -104.65259796950582 , 71.0097074601336
18 , -95.79936420871445 , 35.89355751098993
19 , -103.49816220817684 , 20.360560104258866
20 , -104.17846385329696 , 29.1325357760617
21 , -80.14950274898884 , 49.0026690376209
22 , -34.592027318280145 , 74.47754006799059
23 , 89.59666371032085 , 38.30517964542098
24 , -39.219629314349454 , 139.0304094488906
25 , 45.840030474262676 , 82.96704622799442
26 , 30.985346730334665 , 43.36769529340836
27 , -83.97975690771061 , 23.498111498465533
28 , -55.12315691576204 , 93.35294885819438
29 , -65.86415948793652 , 101.77004262698429
30 , 149.1395419615645 , 49.27454323585417
31 , 52.79564263589464 , 49.248108350357356
32 , 88.03137082598519 , 50.125942782526614
33 , 83.47552781629648 , 72.62095155650799
34 , 84.14329939367013 , 66.91770364570344
35 , 60.403725448993825 , 93.85205882111612
36 , 74.68077070179764 , 89.2869608054623
37 , 172.59663058143323 , 119.20188200168876
38 , 153.43008971150894 , 104.47497595252634
39 , 93.63691285670696 , 93.25338542096652
40 , 136.82842111966568 , 82.45086677543405
41 , 166.3699718488046 , 98.31921255108578
42 , 93.3922694378222 , 87.32492069846285
43 , 94.46063256964784 , 64.43096029713166
44 , 86.08418185837861 , 58.817096028056184
45 , 10.336009620575233 , 85.7951302179273
46 , 79.39127089654369 , 55.157987779310545
47 , 350.46690490579095 , 159.4459772826362
48 , 248.48304478038074 , 79.78047184626503
49 , 166.1221444063308 , 57.683851189954275
50 , 98.07590519511342 , 47.692925780320195
51 , 285.2780467965756 , 70.63403255217412
52 , 91.5453008368062 , 49.3001813120201
53 , 173.57553598163705 , 52.75634415353167
54 , 170.08831965779046 , 59.08302673810719
55 , 342.55790808703165 , 99.75254201426807
56 , 90.49996767807829 , 44.0126396669133
57 , 76.63657439459644 , 66.72040409334016
58 , 132.77986768526563 , 56.140056601092994
59 , 172.1673946661501 , 47.81027202219767
60 , 151.65540543831435 , 51.129836384278576
61 , 166.62503121427156 , 52.944849064905945
62 , 83.49405519372324 , 51.027831265260495
63 , 81.58670340302331 , 60.88785966044368
64 , 156.14310380579562 , 50.7686667213938
65 , 97.87029502744019 , 53.13609581318845
66 , 187.88744232211965 , 63.69440537866845
67 , 276.87534716532195 , 92.17520002608153
68 , 139.5910409854323 , 41.758956681038704
69 , 110.99014221053535 , 50.969210044313456
70 , 81.9454442809023 , 56.275758471242106
71 , 105.88132255882375 , 46.65721786628505
72 , 77.09371369811082 , 62.95796162760795
73 , 82.25257611270726 , 75.42388264266161
74 , 111.28441648602205 , 57.95765928962995
75 , 100.41096744697549 , 52.04680633497297
76 , 115.22519131634621 , 46.78243615688592
77 , 238.77969552856564 , 110.4290606631858
78 , 124.99274096499609 , 54.26041234477721
79 , 148.18108394705268 , 50.56712371827633
80 , 91.50964042604699 , 61.27391708078751
81 , 77.25121354440948 , 85.74805724299289
82 , 155.84988711581795 , 58.35449378431458
83 , 104.6576048139319 , 57.90923509175999
84 , 129.8968748384575 , 41.77068997952742
85 , 100.18223515570538 , 42.931090453958795
86 , 156.33044010733602 , 71.36393949043538
87 , 80.41914049638955 , 88.18021972803064
88 , 140.88452537936533 , 44.03110330578622
89 , 109.24366277127362 , 42.74567475853061
90 , 170.01433618848895 , 80.62530325519924
91 , 153.50905202699235 , 47.64384291400806
92 , 93.60536625424216 , 61.61746325534286
93 , 220.9330243730451 , 122.17395796380957
94 , 81.9195162871336 , 64.6448242088265
95 , 87.09465508735374 , 51.73816792182964
96 , 76.73015486079008 , 77.70130072825809
97 , 75.93837498938734 , 65.27374177648949
98 , 80.62972256929338 , 65.54349939091787
99 , 77.56547833461347 , 85.70042782045232
100 , 111.49691553666257 , 40.700428534397346
101 , 88.3814694228553 , 53.08373944985815
102 , 182.4191201082259 , 66.90224717702229
103 , 181.38198990621206 , 77.47756708553716
104 , 215.1177187906732 , 90.83884801300964
105 , 175.14798533064214 , 54.76949842075858
106 , 91.26958246979102 , 51.52280167969392
107 , 80.75718748393359 , 61.539566866783396
108 , 187.19639654561627 , 57.10244422336026
109 , 310.1550700193724 , 108.51348019741998
110 , 162.57533325546942 , 46.15358334808142
111 , 249.79174174201967 , 100.25901179064982
112 , 281.1294460432449 , 96.10821968671155
113 , 185.6609268408011 , 53.92319181445345
114 , 149.89716595274504 , 43.24412647068486
115 , 131.04220515100167 , 40.65674082727334
116 , 117.32844423476591 , 52.18970188957877
117 , 178.64101481902577 , 48.04648254684906
118 , 143.36388124848133 , 47.3417163589108
119 , 212.1498250110179 , 52.65554316087994
120 , 77.406547284212 , 62.925096910260706
121 , 215.5031141999765 , 41.230303777410526
122 , 311.68546201597167 , 97.71140698224059
123 , 151.6469157875014 , 39.57337781241805
124 , 270.1619039986701 , 44.031893735606744
125 , 105.21196392603892 , 54.15949783745853
126 , 437.9421212794084 , 134.4847964406095
127 , 330.46992294539 , 66.84127895451635
128 , 79.11001731327582 , 55.49911312810702
129 , 326.3926069728325 , 92.06944266093194
130 , 242.16193785282962 , 46.38969838692138
131 , 129.89864428900808 , 51.95761872609479
132 , 174.4873092781974 , 42.208700186436985
133 , 530.3936375777729 , 124.04379525503349
134 , 89.22523148421705 , 78.08247523499605
135 , 253.22503448857537 , 61.82572659543112
136 , 1007.1565821014367 , 44.27485005358862
137 , 253.43348764069052 , 52.77174068149975
138 , 81.8279889388412 , 53.425148043506624
139 , 74.80743549586718 , 65.08107940016379
140 , 432.61043860318216 , 103.148949964474
141 , 283.4458296058008 , 94.26312005116343
142 , 279.8046446518806 , 79.81448902590361
143 , 231.15385496211795 , 50.82257767055956
144 , 289.0444055598896 , 84.04364315124155
145 , 240.5796811835139 , 48.51321783012083
146 , 77.74798173171472 , 56.735588496552595
147 , 125.85378671592873 , 53.799925025368886
148 , 266.0215895063687 , 83.38234726784371
149 , 72.48329509032682 , 64.60488800677138
150 , 344.01021712736525 , 84.85860043960054
151 , 155.2190799867206 , 54.05029276420449
152 , 366.1194677496725 , 67.8883716359948
153 , 324.7522798770313 , 63.3975318469251
154 , 299.87749458024143 , 60.76857736671637
155 , 426.9009561350833 , 109.80904668696922
156 , 357.16537093122434 , 65.85721151963536
157 , 161.53940723240896 , 56.72810707810706
158 , 480.1660165751085 , 107.98859782757272
159 , 156.97849872529056 , 58.908697464309355
160 , 119.11591278608216 , 52.733792674711054
161 , 453.72269162778207 , 55.78974025731182
162 , 422.9270656675103 , 61.57275830626045
163 , 1008.0878200936344 , 46.49599873021487
164 , 1007.8744992331317 , 44.32820011156405
165 , 1022.5704945511814 , 102.07957343945552
166 , 1024.286841880755 , 123.07726580822563
167 , 1018.1000722748302 , 83.64131787316278
168 , 1006.8165430020587 , 48.413685709998326
169 , 101.92948433063975 , 62.09436629997387
170 , 298.1228787590634 , 131.68991950200538
171 , 1010.4260638282499 , 59.6032102607002
172 , 119.13606146628774 , 49.41771475983378
173 , 149.09804281183176 , 50.641711188064434
174 , 232.01680574451245 , 55.639018216581235
175 , 1020.1510363253253 , 152.68167074488755
176 , 123.82537686859096 , 45.388022212037484
177 , 85.77456347815006 , 69.18852685014345
178 , 1011.8918147212692 , 70.0915027736976
179 , 1016.7756034506009 , 70.54308526729474
180 , 94.62615616381159 , 77.10952713765012
181 , 212.44230721122256 , 58.16389034290967
182 , 81.97620364316728 , 90.26470731460282
183 , 188.55228202078806 , 60.65297347690499
184 , 1011.0313109516754 , 93.6441489744072
185 , 1019.5727533175439 , 186.37115027079892
186 , 1001.0194858783025 , 143.09343451091252
187 , 992.1937783772563 , 158.72492537380518
188 , 113.90654366259636 , 66.7059841591235
189 , 1023.9246711643167 , 136.31340697087822
190 , 82.44510642010596 , 95.32294970933623
191 , 1025.0719266124943 , 111.365946701677
192 , 1015.7646696787264 , 123.83170765504694
193 , 50.71112934873282 , 105.64613938393599
194 , 1015.6605733351839 , 110.64492694364172
195 , 1019.3585697060879 , 86.94105906921948
196 , 1003.0714311056457 , 138.7190321304038
197 , 1005.8521850375053 , 166.71870290487516
198 , 991.9542004758756 , 182.93934830509818
199 , 1003.3692448438185 , 133.7728890819262
200 , 1005.4914687600432 , 126.41890190943121
201 , 1007.4943668904494 , 79.79655477459505
202 , 1034.5727813045462 , 113.14263944487526
203 , 85.20565293790115 , 68.27966482110791
204 , 198.40868119317005 , 66.03231565593148
205 , 1011.138827892451 , 52.16060911333211
206 , 1010.6903252789814 , 74.98537234710734
207 , 1011.4715087563417 , 85.49053563597798
208 , 1014.8913523742392 , 77.56460374683978
209 , 248.73573330846395 , 70.09034499896138
210 , 1020.8354024556421 , 62.97934457491747
211 , 1024.1166840349636 , 122.73418191043831
212 , 1009.654966810159 , 60.194796246744374
213 , 1016.84569587034 , 77.46095532085903
214 , 1010.2354579075134 , 72.89119229558067
215 , 1020.629773768745 , 52.72322457037681
216 , 88.01025509808417 , 72.51797478903389
217 , 1013.6023987212627 , 82.09343569775504
218 , 1011.0324592932392 , 63.57667071288411
219 , 1008.3779039986539 , 62.645209667360064
220 , 1021.2858085351185 , 71.91749604953758
221 , 1020.2832766108191 , 70.03663789865197
222 , 1013.3696835471246 , 48.811465149209994
223 , 1008.4115945426317 , 51.422895692844165
224 , 1009.5672132739165 , 50.98327456929862
225 , 1011.4213234599067 , 64.22877922036267
226 , 1008.0964067558745 , 56.323574140698426
227 , 1007.7918064266939 , 63.51427704169047
228 , 1005.6772188922954 , 59.326115050377524
229 , 1007.7488968427689 , 54.24985363951504
230 , 1029.3976146441012 , 150.03251357770128
231 , 1013.7741590353402 , 64.26102044106035
232 , 1010.1718494768099 , 66.06436363636013
233 , 1027.848098262103 , 131.91329079788292
234 , 1021.0631910805727 , 65.9097067078481
235 , 1004.9663632393296 , 57.831459555959526
236 , 1011.0963808405085 , 147.85707297120985
237 , 997.1239418402414 , 134.37037572705225
238 , 993.4224032423364 , 138.66963326095586
239 , 1000.8252602170928 , 116.81261340490886
240 , 999.3646642579971 , 113.20179098440379
241 , 995.0560849634252 , 150.88690457110815
242 , 1026.6893650040588 , 194.3814028425293
243 , 994.7629738523342 , 170.2617314461185
244 , -77.68443712645303 , 66.3445311776413
245 , 1001.7898436368814 , 169.6390599739252
246 , 1020.9834879406894 , 75.25218549800856
247 , 1007.1162113348522 , 60.494410911237175
248 , 135.18715907312728 , 74.04152541663305
249 , 1014.184321339124 , 62.62005006596344
250 , 1009.4716626611663 , 47.76505679258206
251 , 1010.7182478857392 , 53.30831337906669
252 , 1009.9436287141327 , 49.881043473422636
253 , 1022.0269046302593 , 52.25337244801655
254 , 1012.1299298099362 , 64.8920549032234
255 , 1022.293133009835 , 62.9245180621445
256 , 1013.4915566686534 , 56.44978559160934
257 , 1016.8861968382398 , 69.10152577989959
258 , 84.3367547851385 , 66.99519652723777
259 , 1008.0152104058545 , 53.452680792147234
260 , 1018.5033320934522 , 55.00155054493081
261 , 1010.5086056171116 , 71.34229750003423
262 , 1009.1055822591209 , 66.25436355796518
263 , 1008.580875735863 , 90.95821730745396
264 , 1007.0854871201171 , 87.11533158758506
265 , 1031.0574446257601 , 153.64347838787188
266 , 1003.9668357535099 , 135.43157883972268
267 , 1006.1077967271136 , 239.73304782336803
268 , 85.23921283141762 , 57.693273286219
269 , 997.6989537569325 , 175.77382137301439
270 , 71.11203055381117 , 75.60882362144247
271 , 1027.6018691507825 , 166.94623449422377
272 , 1020.0625896480036 , 200.9689177850912
273 , 1019.5203337915071 , 136.5869480453697
274 , 996.610198540306 , 170.86499707949113
275 , 1010.0476523662444 , 141.79601471629172
276 , 1025.3633189657571 , 214.40688526972212
277 , 1000.2237140195783 , 154.95011871777405
278 , 1009.5184995178028 , 157.67280397157475
279 , 1023.6356185791526 , 175.93686718531765
280 , 1014.5881864651365 , 127.86232374912379
281 , 1013.4401099543593 , 152.38919312112995
282 , 996.5717654921953 , 160.83368726491247
283 , 1025.4698543347736 , 127.16532435280435
284 , 1030.5054316306962 , 119.97521989877173
285 , 1034.8169521847162 , 130.86429730128114
286 , 1014.9345771343823 , 91.69499506136552
287 , 1010.930555276063 , 116.2007869323928
288 , 1006.7778659827924 , 112.34602977878603
289 , 67.63800233947393 , 85.47873875387253
290 , 1006.9110512306088 , 87.22977183785468
291 , 49.62762306207044 , 96.23505010162441
292 , 1006.9140987132624 , 90.28236181891907
293 , 1027.217640851595 , 81.27598214714848
294 , 1015.0540002059724 , 102.98668892801197
295 , 1025.7037948987413 , 253.89323046341764
296 , 1002.4717140290262 , 197.41403525589038
297 , 1026.9219026579956 , 261.51311814757486
298 , 1022.7960617110764 , 179.2850331271774
299 , 83.9360330147649 , 80.10645654510799
300 , 1005.5623633676594 , 166.0063115349807
301 , 1011.3169459858517 , 58.05642439797286
302 , 1011.4812250911433 , 126.29293817342547
303 , 1027.5852613974976 , 107.39502257204707
304 , 1006.9254170920171 , 105.01700192532923
305 , 1023.5597438710303 , 157.53028269704618
306 , 1009.7757474632209 , 118.97323146545068
307 , 88.36037316787177 , 72.93018504645971
308 , 1009.3471209953177 , 116.99886173291544
309 , 1006.6109704942236 , 117.63386882474393
310 , 1015.9049087239559 , 139.34151753356883
311 , 1017.6421559983227 , 94.44139608045359
312 , 1014.9472825529651 , 103.77044810412556
313 , 1019.6190751934882 , 143.95301781099926
314 , 1021.96760236724 , 111.62881828052366
315 , 1008.5454639581018 , 107.80615174690051
316 , 1027.5714661957497 , 128.53845065973755
317 , 1013.3305387063776 , 98.44924710214435
318 , 1008.76251160547 , 104.89576628228401
319 , 1033.0749673120274 , 125.3786224514689
320 , 1017.4841654845745 , 133.8136721293649
321 , 1008.4952278185356 , 97.25316490776078
322 , 1026.52455686309 , 162.5034988027232
323 , 1004.1708029257132 , 136.69041847131615
324 , 1005.6124125489457 , 107.26094769716354
325 , 83.10330184534608 , 77.99765552863565
326 , 66.55972090423842 , 96.77052974114598
327 , 1013.4480568547116 , 140.93857946936214
328 , 1023.5317625282376 , 110.7074993555256
329 , 1028.8926132027045 , 196.66976330790163
330 , 1013.2024370966967 , 95.77079331056208
331 , 81.10119107985791 , 74.75563773298632
332 , 77.4106385241757 , 74.82949581974441
333 , 1032.2892119228813 , 121.55048083129071
334 , 76.9040659424958 , 92.87071280583865
335 , 1012.1092462042998 , 95.21317101047069
336 , 1005.4353093515148 , 105.98367159465333
337 , 1003.7922222733503 , 159.09040894924158
338 , 1027.9829741882413 , 204.53687486719147
339 , 1005.0745728653845 , 93.29417390667606
340 , 1024.5138548783248 , 165.8918618680239
341 , 1006.2832872592957 , 80.34653068971075
342 , 1029.70661258134 , 75.40411747487853
343 , 1032.7882497307041 , 113.4981678505174
344 , 1020.5357628925724 , 191.27887772804755
345 , 1017.8792609687137 , 153.48020746242042
346 , 1023.2699364716187 , 246.77396976451732
347 , 1009.8989871447928 , 165.59839688399444
348 , 1027.559824661025 , 152.75474043301097
349 , 540.362116635108 , 90.50320652653345
350 , 1030.2164996129059 , 115.13511886245082
351 , 1022.8859444310293 , 115.8265576487579
352 , 1026.9798200270914 , 140.00638057307822
353 , 1019.9740180978836 , 103.70352639320957
354 , 1006.3169984779053 , 91.49077444725212
355 , 1013.7891360688843 , 125.49865726325945
356 , 1020.5893709587085 , 181.066685373442
357 , 1008.0598884120295 , 179.69888472246495
358 , 1001.9013163653707 , 193.04095562873076
359 , 999.6464242259881 , 175.8422728004508
360 , 1007.2984655918384 , 225.11990029010929
361 , 993.9152062406129 , 230.34699661556365
362 , 1024.746304918318 , 159.40081406405386
363 , 1010.706331120008 , 122.49116033493928
364 , 1005.8251816146668 , 128.02217293881174
365 , 1008.5470969620646 , 122.75072561579793
366 , 83.7270221491618 , 81.0601778945877
367 , 1027.2287594637855 , 123.74824317279237
368 , 1004.4161101633299 , 199.6728642420904
369 , 1001.0572069831001 , 194.59693597279977
370 , 1002.4727962929404 , 226.3743683396881
371 , 297.4959724327082 , 82.52051671840003
372 , 1023.8411477567946 , 134.3511562118405
373 , 419.51681704287734 , 82.14813987445855
374 , 134.18662989543844 , 130.93277015687127
375 , 1014.9681964273673 , 197.65496684045527
376 , 1010.6742750202772 , 139.70587995455563
377 , 1004.7749870535998 , 179.09983385904727
378 , 92.04254048362037 , 98.6221733277661
379 , 528.8279015116343 , 122.19183487514478
380 , 1002.0911557778605 , 251.1942147411717
381 , 1011.8155506187376 , 191.0889180242646
382 , 1018.9820403070237 , 182.60850047614298
383 , 1015.9438583893063 , 254.7083082843677
384 , 1018.0025908598898 , 186.39821436577307
385 , 1020.4073825839725 , 121.7091039474992
386 , 85.44487741428577 , 82.51646277622477
387 , 1025.5369408476693 , 128.26259418929942
388 , 1026.128031892243 , 130.71671956675019
389 , 995.2684896816834 , 357.05845522069296
390 , 1006.7682575692597 , 147.2191297040989
391 , 1009.8160269349046 , 106.02634640845648
392 , 88.39819890956865 , 93.48360403239867
393 , 1038.143530028188 , 208.42649664017875
394 , 1026.9434616653998 , 178.06391998839834
395 , 1008.7834435099262 , 117.80129037350554
396 , 1016.8725364940962 , 112.65069657025064
397 , 1020.209227107886 , 143.39510125921635
398 , 1013.5845278648516 , 80.14115875750288
399 , 1010.9853944551446 , 125.4596031935743
400 , 1019.8037694995264 , 132.633646777994
401 , 1022.3568728764012 , 130.69928893624314
402 , 1024.9354752335735 , 145.64877324221615
403 , 1009.5960598379711 , 157.86826060431642
404 , 1008.6283868599257 , 98.20656499241784
405 , 1004.5653430973744 , 199.14132568152374
406 , 720.3779692428832 , 239.1278234192944
407 , 1007.9564150290819 , 157.51841247827758
408 , 1013.9202078433019 , 148.69702298528088
409 , 1019.5456273434421 , 123.34938358213327
410 , 1020.6186887674266 , 123.42588826018856
411 , 1012.4545703055849 , 102.1789202760634
412 , 1010.7590486352227 , 131.5750362869081
413 , 1021.5007577460328 , 165.06613470116736
414 , 1021.795246764792 , 108.24528762906287
415 , 1017.5069984809446 , 126.91018398596711
416 , 1009.9200599204844 , 99.309335172042
417 , 1011.7434588040384 , 104.06732012710741
418 , 1010.5428131890831 , 87.08299983956414
419 , 1016.2732523350272 , 87.67891725414943
420 , 1025.0527078167258 , 100.85105545397738
421 , 1024.0546794323964 , 90.63930845289559
422 , 1011.2574765136459 , 106.31982825641637
423 , 105.14988761286 , 100.87743227037483
424 , 1021.8369495321142 , 153.5012718172294
425 , 1010.2906661306503 , 78.45171617284817
426 , 1025.3830087241367 , 155.841892872315
427 , 1020.4024540266626 , 135.42830338397098
428 , 1009.7867998420569 , 100.23214815670227
429 , 1034.6862074921737 , 194.90339807277627
430 , 1018.9767206088774 , 83.89176710800831
431 , 1011.0208386041066 , 83.29285128458135
432 , 1013.9118317971171 , 81.54656325101192
433 , 1019.3335968129745 , 112.02957280798499
434 , 1012.4588743104714 , 108.31277686879247
435 , 63.81180898829153 , 88.22654066153163
436 , 1033.15080831645 , 224.07998262357532
437 , 1023.7799018674891 , 87.20977271601566
438 , 1024.2349230971329 , 139.8515476253564
439 , 1008.4413413508089 , 128.49330147895355
440 , 1012.9130525544543 , 131.44942754763673
441 , 1013.9942530490897 , 112.25082883446738
442 , 1020.3143278424154 , 117.44581543187503
443 , 1010.5702417871133 , 98.32148368941637
444 , 1019.4289092896113 , 94.05044406126773
445 , 1038.7617004076208 , 164.08418027998738
446 , 1029.0277243769874 , 132.6983048094473
447 , 1013.4534265566691 , 94.79320226362859
448 , 88.76109856602977 , 80.93943386058092
449 , 1010.5406242303842 , 127.56616453757009
450 , 230.68510877241798 , 65.6414217803439
451 , 1028.3096069919457 , 151.40915990884656
452 , 67.62450510776253 , 89.92004101542872
453 , 1015.7183664916508 , 128.69608017747768
454 , 1027.0985744883687 , 161.83539894830145
455 , 1014.0089230897835 , 94.28634866257391
456 , 1024.3349781535142 , 250.36265140152705
457 , 1010.122929639641 , 101.67995241051366
458 , 1012.2975606572049 , 132.2593463844336
459 , 1012.180663527018 , 102.22029321905306
460 , 1010.1259346481108 , 94.48180726357069
461 , 1024.2046035449293 , 146.29153401534717
462 , 126.82371674274007 , 95.20125256152731
463 , 1013.1636776259244 , 91.84232620863064
464 , 1035.5527827755307 , 144.08090880804022
465 , 1015.886873161707 , 89.94038290631273
466 , 84.9177435454307 , 84.48432336029948
467 , 1019.3603113544937 , 101.70179596267423
468 , 1017.5829647651135 , 161.44133059636047
469 , 1032.3884770950326 , 183.49427902317044
470 , 1031.1987580550042 , 209.56956604968767
471 , 1050.5868851265834 , 260.7385111372767
472 , 1025.5151423494347 , 119.21813741474196
473 , 1027.9318030630623 , 161.52597598053907
474 , 1016.7187963147211 , 98.52168439999042
475 , 1011.3346918721148 , 48.214411054567904
476 , 1013.7449377556793 , 54.11508083177418
477 , 70.18161261294748 , 80.4959365908305
478 , 1009.6154050867093 , 72.16722520955584
479 , 1038.796420761549 , 143.3270093291883
480 , 1009.6859304000794 , 46.50156478990158
481 , 81.1114854399807 , 96.4967241760117
482 , 1013.0119889627671 , 119.75771503807964
483 , 732.6352646100154 , 83.44952099346766
484 , 1032.329406056402 , 149.2922430148523
485 , 1011.0181446710768 , 48.25390274497564
486 , 1010.4811441865581 , 40.39598296978116
487 , 87.24216565654363 , 92.8385879151679
488 , 1025.997648483658 , 48.324445832955284
489 , 1034.662669331399 , 167.98419143125244
490 , 1025.0253156931567 , 95.67250117027228
491 , 346.10926396722056 , 230.97208569492167
492 , 1012.8387415313844 , 55.17005731423045
493 , 1012.8642029929496 , 56.48372286906359
494 , 1014.2519874604827 , 60.71964260826177
495 , 1033.7903585110832 , 60.394299144071425
496 , 1014.3750847066112 , 54.76735435710241
497 , 1032.3938577831213 , 91.15120752127459
498 , 710.6238279878676 , 96.0506468033032
499 , 572.4478165361237 , 115.70212256117085
500 , 1037.1833004339803 , 159.30110572463903
501 , 1017.7880570720506 , 52.618708868976334
502 , 96.41960171986692 , 111.39965692534817
503 , 1014.3983509287779 , 57.279266526949364
504 , 1027.696122283044 , 55.8596294957976
505 , 1016.4461188946595 , 50.968365525315654
506 , 1030.8120121048455 , 90.36210209529415
507 , 1010.6448669187214 , 38.48540383221263
508 , 1022.801666195597 , 148.88331996833395
509 , 1015.8691568115009 , 114.3907679468355
510 , 639.9012546308146 , 159.27750905956378
511 , 1029.5737119778003 , 139.19534416174065
512 , 1019.2840930952743 , 137.3196212498755
513 , 1011.2832051636207 , 88.99855362401931
514 , 1029.1643795532902 , 101.91690814594511
515 , 1030.7435981100423 , 123.28329832171804
516 , 884.1467671487807 , 106.48158583851283
517 , 1039.814569612702 , 183.11417054252465
518 , 1035.5497374494003 , 153.79256635557425
519 , 1017.9388154691352 , 103.50067886704969
520 , 65.96335981615067 , 81.47877681024708
521 , 1021.7200290377945 , 113.60894970975073
522 , 1036.139585331333 , 72.4247772421333
523 , 1031.3906063726447 , 127.91345416895629
524 , 87.8652831466541 , 88.34885284784716
525 , 1029.5869071539241 , 62.25421561978973
526 , 1012.6973059583646 , 64.8237869806482
527 , 1021.4115617874254 , 100.00657972332233
528 , 1033.5658623318352 , 116.34592367909356
529 , 1019.2575008475397 , 64.93443349478031
530 , 1010.6898222055706 , 61.45980799920571
531 , 1011.4424639903518 , 68.8309814584046
532 , 1013.436682899638 , 58.918649904424285
533 , 1031.8004181235715 , 117.86842989286244
534 , 1012.2361413849949 , 66.8900158235313
535 , 1010.1413423254468 , 68.16763411528392
536 , 1035.1906972018378 , 130.17261504268114
537 , 1014.360509871336 , 71.01839171926379
538 , 1032.478966178249 , 146.36979364944756
539 , 1018.5305585234166 , 94.54189619137512
540 , 1011.1815053585907 , 107.50733770185485
541 , 1010.5939602713919 , 86.87040708840048
542 , 1039.6567785936636 , 176.79419715692595
543 , 106.40137789006806 , 86.03304580606621
544 , 1035.6887286159622 , 118.92861722513183
545 , 1032.092708330125 , 115.81392950016101
546 , 1024.426766848488 , 89.48370317448826
547 , 1015.9491630524055 , 82.87208054242267
548 , 1033.3971279345765 , 127.58381159929067
549 , 1034.595179454489 , 162.29708647376384
550 , 1010.1858795257102 , 70.69414074198993
551 , 1019.5038204641826 , 82.5360302663642
552 , 85.28176668085729 , 100.10447068084441
553 , 1018.1875670950317 , 99.17046942371105
554 , 1034.719989541969 , 144.44916020118305
555 , 1011.2524555904226 , 89.98290317700042
556 , 1025.247779243325 , 80.69876830051652
557 , 1021.2622697410978 , 120.99344788414513
558 , 1008.8879780493437 , 83.07588834262386
559 , 1020.2824626733264 , 152.97504025366104
560 , 1008.2328553628428 , 136.70287028132876
561 , 1034.3320367489791 , 190.71237786127358
562 , 1032.6286673321374 , 159.72311032324765
563 , 1005.8371905440173 , 130.6115725891246
564 , 1023.5795762613346 , 129.62708022906108
565 , 1002.2344288670246 , 189.0864569532622
566 , 1011.1757935374551 , 131.15569814535127
567 , 1021.8274758796209 , 78.36088296757393
568 , 1014.7808861631015 , 156.82025738960974
569 , 56.02308271562622 , 103.29924908734438
570 , 1033.7066360088247 , 134.385992897833
571 , 1024.4656658716588 , 124.92474166888503
572 , 1009.064011606942 , 75.94517142335854
573 , 1022.603845631866 , 76.81564584829842
574 , 1033.2710777113882 , 136.70973145647943
575 , 1009.4168491077712 , 62.784110295225695
576 , 1009.7895854616555 , 72.473869877586
577 , 1036.7959799941295 , 118.5086143221939
578 , 93.53616515387506 , 86.03663913856761
579 , 73.6181361076809 , 106.70354078702105
580 , 1027.410639356244 , 114.32323157862142
581 , 1031.695185119883 , 93.84668692789874
582 , 1013.9699985405719 , 92.08904623152247
583 , 1036.236504082843 , 183.33982495377649
584 , 1028.9637890471213 , 108.32646517717832
585 , 1014.4423456832644 , 75.19231070412084
586 , 1021.0530322368046 , 84.68427914977802
587 , 80.23678461699586 , 79.98553099024916
588 , 1019.204807467747 , 83.79993720478872
589 , 1013.7836204520021 , 70.96468401370751
590 , 1025.597950220365 , 85.0441488473213
591 , 1027.597654449981 , 89.20710252453117
592 , 1035.602619963866 , 148.16273791944135
593 , 1026.5727831849174 , 108.4441455569957
594 , 1010.0363810287878 , 74.91131377274576
595 , 93.31922124542892 , 81.16974544913423
596 , 1026.3923186044874 , 80.2366549221117
597 , 1018.0865721412748 , 89.84503334990792
598 , 1021.5210789771025 , 85.23107868132921
599 , 85.74704978781779 , 107.8902453228866
600 , 83.08360987233627 , 84.84444034897085
601 , 1037.3981071986752 , 155.90702919445334
602 , 1009.7107779779165 , 91.96383471363058
603 , 1015.3611920532632 , 85.50876645214375
604 , 1025.127129275361 , 69.8727436048094
605 , 1038.0768534307583 , 207.95234270267687
606 , 1010.7142226445782 , 85.81267692468353
607 , 99.24499312415018 , 105.10657780759664
608 , 1022.4923251219435 , 108.46399246933554
609 , 59.09180194346216 , 90.62829765268512
610 , 1027.1607602958356 , 174.9781864385042
611 , 1036.1333961817713 , 159.84360899602197
612 , 1014.3721336912316 , 93.67245359390346
613 , 272.3649770555489 , 102.24835669545428
614 , 104.9378241917533 , 110.33754846033233
615 , 1012.3174128523111 , 75.93529889519056
616 , 1030.721566494425 , 156.30684580000255
617 , 1010.8986900161575 , 77.8697795180946
618 , 1022.0240895317065 , 157.07112783833855
619 , 1017.7894135006301 , 94.40928685646713
620 , 1028.4011184365352 , 128.4524922998152
621 , 84.56767414315433 , 93.79481579648126
622 , 1031.0196422073068 , 111.30778089205774
623 , 1035.0965043438698 , 142.2520787293181
624 , 93.19471557082367 , 82.94206091180196
625 , 1017.1231706993937 , 61.50898771024639
626 , 393.9941685763278 , 109.85197868450825
627 , 85.33308721778968 , 88.18521487053074
628 , 1019.3208355425613 , 62.250956679633674
629 , 1027.740729321367 , 95.77859203848
630 , 1036.5070201975536 , 183.47398737423518
631 , 1032.9004800012963 , 140.12651906197092
632 , 62.103622405804956 , 100.79743184487417
633 , 88.39938097758531 , 75.90545152739051
634 , 84.57179669408528 , 99.19835723984208
635 , 1031.4883562973916 , 82.84103786964315
636 , 82.59652868290632 , 103.30039710441098
637 , 50.788494581116375 , 91.03671995129159
638 , 1025.0157491711943 , 180.07221259515282
639 , 1011.1725840502687 , 56.401413881493845
640 , 1012.9372476450087 , 66.82435270831554
641 , 62.804720451138564 , 91.42925163345612
642 , 1036.0377031077376 , 159.60433129956704
643 , 1013.251444966517 , 36.24176218100587
644 , 1028.57656642232 , 92.99533805684952
645 , 96.98712262649765 , 97.17935843743277
646 , 1016.4904023405841 , 60.686448101038934
647 , 1011.7236846747788 , 53.84867745903636
648 , 60.93526560272652 , 101.89302617793395
649 , 88.51018683906534 , 96.25263483390017
650 , 1015.7392258191605 , 54.462128883100604
651 , 1012.0639905486998 , 43.226905619486466
652 , 1039.0562938755327 , 102.42816903103449
653 , 102.80821062233775 , 93.22970858234036
654 , 1011.9257209019283 , 56.596661528518226
655 , 1033.273801369564 , 69.11007322040153
656 , 1030.4735160146968 , 88.99446030528229
657 , 1015.1594700761666 , 60.22433204893363
658 , 1026.64460963625 , 66.72263488525942
659 , 1010.4861226069885 , 52.44936509116167
660 , 1010.1008939715801 , 56.163308628614814
661 , 1009.3801883509552 , 56.17694258661767
662 , 1027.3092529500807 , 65.87664326568043
663 , 1030.666694306504 , 103.61407231705907
664 , 1039.502693872346 , 140.05272581207103
665 , 1018.3463955707974 , 78.84435678293455
666 , 1030.8042675629251 , 86.96572818848199
667 , 74.35244784664306 , 98.21320329630447
668 , 1012.9749501828231 , 48.96560903738925
669 , 1016.7416308222521 , 48.4381089919683
670 , 1011.6565025978726 , 41.76726158928543
671 , 1010.5240095147923 , 53.41143540523164
672 , 1031.368245620813 , 72.19565247822172
673 , 1026.0876875909178 , 72.30511700150359
674 , 84.75561888319503 , 61.86868652834191
675 , 1030.320479026326 , 69.52637487043607
676 , 1014.3613090603062 , 49.600957154505785
677 , 1016.4964620119729 , 72.10720970270486
678 , 1034.3376477155143 , 81.56815705585196
679 , 1010.1236939565838 , 45.486157760134006
680 , 1014.1897701421278 , 55.719124009365984
681 , 1024.6855907190427 , 49.13651784466597
682 , 1032.8327672132016 , 94.88937771903667
683 , 1011.061511083439 , 45.62443799193263
684 , 1010.9576255543483 , 49.12398020346015
685 , 1011.6629766314228 , 40.18191512541097
686 , 1010.7995110364914 , 37.695946334859656
687 , 1014.212109203195 , 49.53600333779342
688 , 1038.0877064809451 , 139.42378747826803
689 , 1012.5147344975434 , 50.064698867826095
690 , 101.51671951194444 , 68.29567262846129
691 , 84.15808535754601 , 73.8448972092051
692 , 1011.8701733050638 , 83.09982776299758
693 , 1030.377489007867 , 107.43720464021108
694 , 1011.5380995019462 , 39.2943004374814
695 , 1011.0723198585375 , 37.67590821242505
696 , 1013.1459447128425 , 37.10444118200485
697 , 1039.2262042076575 , 207.30123795623558
698 , 1015.4442935182589 , 141.94656061815812
699 , 1028.2885551129975 , 177.41591716799329
700 , 1015.6484068567864 , 132.50656063353284
701 , 1015.4764559031157 , 142.64269022239776
702 , 1038.421607940671 , 181.2440303101544
703 , 1013.2541821799344 , 130.43819063683486
704 , 1025.347273215641 , 151.0811563862178
705 , 546.9237050186443 , 178.9532664270595
706 , 1028.6747741229071 , 184.42492459880418
707 , 1013.464658571167 , 144.1876273544322
708 , 1014.7808486247941 , 154.24192445057122
709 , 1023.9759324572608 , 162.7953184589253
710 , 1029.3243119812098 , 171.6411433388903
711 , 1012.0196285485503 , 167.0279395897314
712 , 1021.6317458938192 , 177.49444229222567
713 , 1018.8610106051194 , 190.51869400770704
714 , 77.5499895176264 , 88.83268670438581
715 , 1019.2512050393628 , 184.67019144994055
716 , 1020.4522895308013 , 156.53191312301178
717 , 1018.0418087653894 , 176.86474373086497
718 , 1011.8613686342923 , 170.60045086460147
719 , 1014.2919022765218 , 90.85077428614368
720 , 1038.1148306230562 , 242.1845400410854
721 , 1011.7784542513028 , 56.21754850326266
722 , 82.53635931830243 , 96.55632727121835
723 , 1020.5504055942738 , 168.95525644177155
724 , 1027.7067399091134 , 151.96886731383944
725 , 1022.422579377641 , 139.38492107818462
726 , 1025.917618756064 , 171.19849707830028
727 , 1040.6357495654659 , 211.15032252177997
728 , 1012.9225259525911 , 125.80607936670766
729 , 1022.2507022731502 , 174.05904766686982
730 , 1015.9972579733749 , 150.2751760364303
731 , 1027.6956810716767 , 149.432119768766
732 , 1014.0251012468524 , 106.09707132431834
733 , 119.63210729232192 , 102.03164437325856
734 , 1040.860276988787 , 196.525827974144
735 , 1051.5491744811009 , 255.8392738563365
736 , 75.72419949785419 , 112.66313845595205
737 , 1044.4067939499441 , 213.8424592574369
738 , 1027.2853666864005 , 134.48858296617183
739 , 1045.9610874496477 , 226.97970593433632
740 , 83.52718002633921 , 96.52848594298982
741 , 1027.0753644342997 , 180.81970066501393
742 , 1021.2570645233167 , 148.7382406239054
743 , 71.93118224275456 , 116.04631505296287
744 , 1015.896905044698 , 107.40568985298985
745 , 1016.5812876545725 , 110.65550157744768
746 , 1040.597143728556 , 202.4142577441089
747 , 1012.2109972731869 , 62.5116947791604
748 , 1019.0460307195489 , 71.56474225889171
749 , 1019.0319479107985 , 77.01540381383737
750 , 1014.7079903173591 , 64.0417706023909
751 , 1034.9712837352843 , 112.9732824299782
752 , 1028.5761819528664 , 78.86891418811223
753 , 1025.4706458059215 , 47.44114207619475
754 , 1010.2870896534848 , 28.782976431320463
755 , 1021.2358653806301 , 32.35538812182637
756 , 1010.8962384765694 , 27.279756020315126
757 , 1010.5012162395473 , 56.391614517855096
758 , 1031.5373452863757 , 104.8775955982041
759 , 1014.7286575932928 , 73.28771684001512
760 , 1011.9644508105707 , 63.37966671483388
761 , 1018.74235563933 , 48.76679285758691
762 , 1011.1752129554382 , 65.63669098965445
763 , 82.75696872103988 , 91.70346649579929
764 , 1013.2634464394447 , 28.62159193801511
765 , 1022.5710746682468 , 64.00113622997796
766 , 1038.168341204325 , 110.96858773466431
767 , 1014.4807410669264 , 40.264739096558074
768 , 1010.3143134180716 , 35.583720248365964
769 , 1015.2124021150731 , 54.88936464920497
770 , 83.4168038204751 , 117.18982821792346
771 , 1049.98829785023 , 274.4568580657515
772 , 1041.6214128318384 , 290.96474766589375
773 , 1057.3735863691218 , 325.19889879352525
774 , 117.12034801227156 , 81.26365122660268
775 , 1046.6159693875413 , 257.4716925663415
776 , 1045.1967605221319 , 267.8193568909927
777 , 1058.046364921724 , 306.1914164297067
778 , 1038.5991808550093 , 217.36230868179865
779 , 1031.27857463933 , 120.85374884239828
780 , 74.96928323266367 , 97.77588022306298
781 , 93.0034537308619 , 107.82497772070556
782 , 1031.339835972986 , 72.58563533593572
783 , 1016.918541677776 , 68.51038663110384
784 , 1040.857626227243 , 115.9431728480306
785 , 1013.4561946586751 , 88.21515452498784
786 , 1018.5514382209885 , 70.16981992651681
787 , 1012.5923139453604 , 86.3083492556161
788 , 1036.8903438476623 , 185.28914980163702
789 , 1011.8671212280935 , 86.32194889901997
790 , 1012.9005290811472 , 134.0654231769072
791 , 1027.4339571013509 , 199.29277581870306
792 , 1039.8649460903168 , 213.72549558564677
793 , 1026.6365787339882 , 125.32510352724185
794 , 557.9606317577304 , 107.54326471413295
795 , 1022.5355351983426 , 156.81985890154752
796 , 1017.6105321317452 , 167.48095794370548
797 , 1024.2531129762303 , 120.98954001307975
798 , 1012.5983151878638 , 104.1361236065003
799 , 1034.9871408670344 , 102.04831037523768
800 , 1032.8843922598624 , 104.9737089264825
801 , 1015.0418006136618 , 104.59968709966729
802 , 1016.6051784077677 , 122.11079610173377
803 , 1015.771229531548 , 135.5272998334382
804 , 1020.1054407480374 , 146.3034535302298
805 , 1016.8884940079241 , 143.12112774499894
806 , 1016.2594478208235 , 133.99944292941683
807 , 1039.4600936748104 , 207.99160725755618
808 , 1010.3399825713248 , 138.58557966822417
809 , 1020.0994043811959 , 158.39943498111452
810 , 1023.4603028202639 , 168.92665478042713
811 , 1042.8364363045637 , 197.66911262368905
812 , 1021.8408903619063 , 151.21840454504678
813 , 79.69409868887286 , 107.75218856765288
814 , 1029.0905834320686 , 146.60091123392263
815 , 1026.9194936903098 , 169.1660454196895
816 , 89.8886617813353 , 92.40161034077907
817 , 80.04284359082784 , 81.82861327391716
818 , 1018.4014795737521 , 135.48099498119493
819 , 1022.9783659281163 , 139.57611301118177
820 , 1028.137194085855 , 166.42500236466563
821 , 87.36765392687899 , 93.52695153907865
822 , 1014.5294575756897 , 159.27259762774446
823 , 84.59913973996284 , 83.7960409308476
824 , 1021.2390874057899 , 130.36802970299118
825 , 1013.450494961515 , 115.43438201003826
826 , 1025.0325101846745 , 99.32131541660394
827 , 1028.140702022413 , 97.0696797460087
828 , 1013.8437867492119 , 102.65085616371998
829 , 1024.2691697715738 , 64.79132733483127
830 , 1032.6464583812858 , 126.46454720062599
831 , 84.75926514039999 , 113.69507709754905
832 , 1016.7982488892769 , 102.79225155888155
833 , 1011.8570659215758 , 96.59041150622357
834 , 1017.0185206012982 , 109.08930980553369
835 , 1040.9405193880245 , 154.75672943744345
836 , 1013.5377978360798 , 88.61272825777166
837 , 1033.3244479045327 , 69.47940044218268
838 , 1017.8322101874833 , 92.49801846465206
839 , 1033.1380089696759 , 82.99746232275584
840 , 1017.7082746730448 , 106.80801782376
841 , 1036.6546220371051 , 277.80834531565534
842 , 1032.9651069133022 , 60.79571702451713
843 , 1041.2310205125357 , 82.3440242419904
844 , 1029.3772530954327 , 164.56766535541811
845 , 1031.9022107442074 , 70.89253086145015
846 , 1046.4917278292323 , 324.84268443649967
847 , 60.324477583808985 , 193.93408217081114
848 , 1061.2471828793007 , 426.96781983567627
849 , 1045.0544397313747 , 160.34503663555063
850 , 1025.3921816777886 , 66.57481557510609
851 , 92.75765183918382 , 74.06887832217795
852 , 1030.0948420634338 , 88.11181750712358
853 , 1036.0364882591552 , 90.03229294948636
854 , 1038.5808118117181 , 279.3136512908404
855 , 1041.2556404628913 , 297.1817969012013
856 , 1038.4896297633923 , 257.1686594094818
857 , 1055.8463147579168 , 274.20996880765614
858 , 1046.0222822184617 , 288.32522116350174
859 , 1036.2981318388097 , 236.75059606007147
860 , 1046.5943431391495 , 212.86185507556326
861 , 1051.905618700406 , 285.4780171418387
862 , 1045.6129470495323 , 277.66386712283946
863 , 1068.1406918112382 , 352.71063257854894
864 , 1021.0246796743054 , 145.30678360950202
865 , 82.94632428438013 , 113.59686015064023
866 , 1025.0645560647336 , 129.95610087685924
867 , 1022.9590980533136 , 140.98144844103192
868 , 1032.358739776352 , 141.39954702441503
869 , 84.23235913338216 , 100.29043588560849
870 , 1018.1983164472058 , 174.83795504960517
871 , 1011.618037153821 , 173.9359341427027
872 , 1014.6803404578746 , 176.30498423698205
873 , 1017.4205578674165 , 175.8464199137011
874 , 153.08963113505777 , 103.4769379683984
875 , 1028.1150829578755 , 190.6544778333532
876 , 1022.2276378051763 , 213.25888023137904
877 , 1017.3051828854152 , 207.52260635942113
878 , 1009.4326161151549 , 204.87741453742157
879 , 1036.991716423244 , 208.34161890914544
880 , 264.4612724177005 , 169.79044453722537
881 , 1009.8702088173665 , 209.07009504901913
882 , 1033.1882600575482 , 183.4971441772324
883 , 1016.4586637519769 , 220.39920050672595
884 , 1009.8315922378553 , 181.60385572354951
885 , 1011.9014202287616 , 180.2555170327373
886 , 1030.8019342344674 , 227.21455621231357
887 , 1011.3441847522674 , 228.9805948302287
888 , 256.14804691154256 , 194.9768745626813
889 , 1021.6152498663707 , 237.20889694145254
890 , 1016.1132030341536 , 210.50283263617226
891 , 1021.9662582875084 , 171.51500103369494
892 , 67.1666678672245 , 65.94500391016646
893 , 1010.5136079726171 , 166.3720173182564
894 , 1034.015569887487 , 226.5353032298469
895 , 1018.3853402042458 , 166.941078953422
896 , 1015.4426957962378 , 176.34032528531597
897 , 1017.7489192350183 , 178.5351331553235
898 , 1024.4083650723942 , 176.87197412116737
899 , 89.94311996912049 , 66.5103433717173
900 , 1019.5040396495411 , 190.38065749610448
901 , 1031.8006310180572 , 201.61040809206204
902 , 1022.9009787734442 , 132.2032453708485
903 , 1011.3421432989563 , 119.41088816841642
904 , 1018.3746119398768 , 108.36591527041853
905 , 1010.7026816862036 , 95.61309141518487
906 , 1012.8573175418071 , 72.2136419004616
907 , 1020.2080913030695 , 97.75056944579784
908 , 1028.460925490584 , 115.83711783856779
909 , 1017.8766743344994 , 68.13832742148178
910 , 1015.4979838448443 , 53.17493344200879
911 , 1013.5714201287904 , 64.88531695413644
912 , 1030.9858166568513 , 85.40607542595046
913 , 1017.384829380933 , 107.29843164765623
914 , 1010.6993562135845 , 61.4275186088458
915 , 1011.5201674776932 , 49.1168379988644
916 , 1018.9295528865678 , 64.35012751107648
917 , 93.37853062580173 , 107.62556553919231
918 , 1034.0947706092338 , 115.41427790405218
919 , 1018.1098097636699 , 67.16105708920995
920 , 380.9972400050375 , 93.04154344667465
921 , 1016.1676872180591 , 60.313874398551704
922 , 1016.7402695185948 , 69.26421668813569
923 , 1026.9321360270517 , 93.00673642099653
924 , 69.88974254738979 , 94.05100312285578
925 , 1036.121164194036 , 129.3232480472235
926 , 1023.5518378202662 , 60.735273815062854
927 , 1016.6792425235351 , 81.61746900470688
928 , 1030.1779723111538 , 90.60620547088618
929 , 1048.600823123591 , 204.15443483634942
930 , 1039.7906715748748 , 112.00279844509544
931 , 1019.1649430358642 , 119.94034436116289
932 , 1037.55251808723 , 105.11953557665555
933 , 1021.8943548039402 , 132.37607510096623
934 , 1029.3087866867743 , 189.23832514465954
935 , 1025.7781867200877 , 154.01956338507753
936 , 1042.1755942852164 , 298.14647144372253
937 , 1073.0528354733249 , 583.0856159779845
938 , 1072.8550553637044 , 644.4198934193774
939 , 1056.3950669158544 , 418.11844066763655
940 , 90.96657593114469 , 102.98766019658801
941 , -100.05597875564064 , 50.19618813320832
942 , -111.69580352003413 , 22.636453125666407
943 , 82.87490522953702 , 95.6507354381925
944 , 1007.8320349423142 , 97.56526541499838
945 , 74.88076389377345 , 89.7892756995438
946 , -86.62820417296597 , 96.23931635707888
947 , -44.3077730198122 , 115.25882830416028
948 , 1037.3763177927665 , 282.17780834249953
949 , 1045.841923086421 , 299.85774133645003
950 , 1027.2078138599625 , 112.03900259138732
951 , 1084.6935368983907 , 503.5351823098787
952 , 1082.8012142930043 , 657.53084923453
953 , 1078.5114979425562 , 603.0371892845086
954 , 1051.2286557793243 , 262.6863460374096
955 , 1021.9158296918852 , 116.8957431747331
956 , 834.4874519773531 , 125.30091010894044
957 , 1012.8775866041543 , 137.24931069329762
958 , 1029.0711014955261 , 172.65500380805608
959 , 1036.1255637090178 , 179.90916915479542
960 , 1013.754596761743 , 166.91244182592004
961 , 86.94798847520703 , 97.06400408152662
962 , 1037.895572400183 , 356.5738567564855
963 , 85.11657981195009 , 108.40159099187817
964 , 1035.6012424142873 , 264.5979357053001
965 , 1033.8217364845218 , 130.5162188644628
966 , 1039.7125173866666 , 125.88587213986277
967 , 1011.5680412127462 , 128.63209790217857
968 , 1023.1186167906219 , 161.95880517776996
969 , 1016.3394504403827 , 101.062164994993
970 , 1010.1697433212214 , 129.57651394452031
971 , 1039.7342715420396 , 177.16406522968006
972 , 1014.7020224509407 , 151.80715581834187
973 , 1035.4316353972206 , 172.54592435241804
974 , 1037.5589114320703 , 188.10379850953203
975 , 1039.3143630061445 , 202.23256930170726
976 , 1031.9168089951231 , 199.27317133430685
977 , 1026.5627789685218 , 244.5666929021769
978 , 94.07520308452095 , 98.86015895649686
979 , 1011.4126731043543 , 180.37639923588466
980 , 1010.1442358688795 , 174.0753010089793
981 , 1012.4344344482581 , 201.60894464841718
982 , 1019.000041872472 , 159.2714479720023
983 , 1028.9786679964768 , 205.92236733291338
984 , 1010.1210199767945 , 162.19552442248948
985 , 1034.8235572477122 , 194.23947855927665
986 , 82.05867619723044 , 85.53499877739945
987 , 1014.4454599556252 , 174.50537762219832
988 , 1014.8309581195156 , 150.29062468955271
989 , 1027.9481294914276 , 173.11513633682932
990 , 1016.9430569240618 , 152.1250652444582
991 , 1019.1290301912923 , 170.94826425692452
992 , 1012.6077714107873 , 138.92125486261435
993 , 1011.323992750433 , 143.06995323984944
994 , 87.31331477268809 , 90.22744177038987
995 , 1012.6368175647541 , 130.22703787587807
996 , 84.9673629454457 , 91.1455232230749
997 , 1011.181165641802 , 110.7111680992806
998 , 77.7112434432976 , 89.54327868744377
999 , 1010.5560143724481 , 65.10562322668781
