Seed Value:- 61
1 , -143.70897900861064 , 0.8048960345675382 , 22
2 , -176.4508033323889 , 133.34676959842673 , 32
3 , -259.2485232701335 , 43.2042000880231 , 19
4 , -261.44275506581164 , 38.63801743169971 , 19
5 , -167.82008551149931 , 19.988153807048562 , 43
6 , -108.69477017801623 , 59.56948671828829 , 31
7 , -111.2310736233462 , 87.46466989732177 , 38
8 , -156.49885394959597 , 13.557765144759152 , 13
9 , -171.92276083016097 , 12.051614797460964 , 17
10 , -123.14203956331498 , 3.4699706185435994 , 21
11 , -1.0475500938271223 , 41.141543161531004 , 49
12 , 47.62449949314312 , 37.120408373255415 , 56
13 , -14.048324802447947 , 38.749976033026236 , 69
14 , -121.3675349958204 , 15.59065517255995 , 95
15 , -220.29705553483979 , 42.09850713701574 , 20
16 , -150.89804074224793 , 33.478830116485625 , 92
17 , 33.063001937921236 , 50.51316967039511 , 42
18 , -92.87228458153133 , 58.84786989904798 , 63
19 , -81.77954146168966 , 53.9504027894075 , 112
20 , -15.698202501149769 , 51.72600057385018 , 172
21 , 38.599844683381 , 53.62952788495999 , 49
22 , -124.17733159598161 , 23.802449555787355 , 46
23 , -131.88759005685125 , 35.50721512699525 , 49
24 , -101.53578489276849 , 32.2643623858831 , 28
25 , 76.82450995395187 , 38.68068359588258 , 116
26 , -90.92019535728063 , 46.43387207518745 , 95
27 , 50.33809535530314 , 42.04749054508681 , 78
28 , 54.240615928233645 , 38.55594571282125 , 77
29 , 62.87403736570475 , 34.061812967126954 , 99
30 , 104.28689013249794 , 35.071379858940254 , 138
31 , -122.35995614655667 , 91.0644137864807 , 60
32 , -10.501235894131288 , 72.76420730455358 , 74
33 , 39.7559814197429 , 64.67254332666948 , 65
34 , 40.00945073929935 , 59.86065818027514 , 57
35 , 25.57610524820977 , 67.89765549198921 , 42
36 , 29.231244677528412 , 61.47671486512486 , 49
37 , 53.180240373391385 , 40.01448406337645 , 97
38 , 63.95015356294804 , 37.85860907542139 , 108
39 , 43.94031881004748 , 75.17275711901978 , 71
40 , 195.2332857503192 , 36.83168643042829 , 230
41 , 65.87109440351414 , 32.935318206712466 , 93
42 , 31.869586844954615 , 56.51890303348975 , 77
43 , 9.247149231939117 , 63.532755463470615 , 58
44 , 2.001836243871061 , 61.952315306418384 , 52
45 , 30.35519493952415 , 63.39079579317485 , 40
46 , -8.262529502671663 , 68.5490010478455 , 46
47 , 35.70403664887746 , 58.28073306313474 , 46
48 , -26.009756157013392 , 73.4818435765501 , 170
49 , 150.52379761757533 , 71.87030996080763 , 383
50 , -82.41005567365804 , 66.40128589082191 , 68
51 , 76.83456536570068 , 50.1052121441029 , 91
52 , 7.031383170414334 , 79.31195086456997 , 55
53 , -15.918068209384918 , 82.4624106380876 , 191
54 , -13.106588295060039 , 75.39965623740254 , 201
55 , 48.34462983018023 , 67.42814802115758 , 56
56 , 4.830247946188853 , 73.82061925118113 , 63
57 , 34.18658420088009 , 69.6602905068695 , 42
58 , -79.05613086371946 , 48.16667404582668 , 126
59 , 419.63798509326097 , 124.01141160854378 , 668
60 , 115.92005306883661 , 86.77680253994083 , 337
61 , 298.3752544613898 , 116.21877259654727 , 343
62 , 45.32388053126308 , 65.31734261482656 , 54
63 , 35.27326364642237 , 68.082551242388 , 41
64 , 306.66822651797264 , 95.20408107370805 , 345
65 , 64.13629927976437 , 72.96666892659704 , 75
66 , 108.39732525471365 , 59.77779025995422 , 126
67 , 54.083713373822356 , 65.1103649824926 , 62
68 , 217.69524036505595 , 48.85135630629776 , 250
69 , 74.54381992322281 , 69.6916804122258 , 86
70 , 43.33183560060139 , 61.48080842439207 , 53
71 , 100.95459977610416 , 46.750583998106194 , 113
72 , 39.05556745457692 , 58.318585979627485 , 44
73 , 34.5238499719839 , 61.91553737134231 , 40
74 , 141.76814379369014 , 56.587083042084764 , 157
75 , 88.33652762187322 , 60.07687659625905 , 103
76 , -34.733770238751006 , 37.57424269356903 , 168
77 , 50.74161990490902 , 52.79623300628838 , 56
78 , 156.3522603173644 , 42.503218856457146 , 168
79 , 150.0830579121338 , 55.19056755275306 , 180
80 , 45.11198871709293 , 65.13339344295814 , 64
81 , 32.08548150119358 , 65.67735160159297 , 41
82 , 110.77684421606986 , 60.08636345754859 , 141
83 , 110.02994824205084 , 46.86146246294792 , 125
84 , 150.90659433047404 , 46.15001498248657 , 165
85 , 65.67246554800104 , 51.943308503549275 , 82
86 , 68.33511862379886 , 45.464261440217435 , 86
87 , 33.72185742997844 , 67.47340888627534 , 41
88 , 190.1850082237504 , 38.53350314348139 , 205
89 , 77.0440700725361 , 52.38896131922953 , 87
90 , 70.14394475790752 , 57.48425686076351 , 85
91 , 169.590455871407 , 47.80370116583216 , 188
92 , 62.24380484103236 , 39.81649000754927 , 74
93 , 47.83393139209501 , 45.11962154453722 , 54
94 , 44.519799810436666 , 37.053310430654875 , 53
95 , 58.55399918145517 , 39.165033213632356 , 72
96 , 36.512152980397886 , 43.911979119426825 , 44
97 , 38.30063746717079 , 46.11994504146505 , 48
98 , 54.40526137989139 , 44.469960593788045 , 63
99 , 33.89430544164858 , 51.34716660751814 , 43
100 , 81.50905615847176 , 49.11634423338544 , 96
101 , 54.969161206364596 , 48.58398721045934 , 71
102 , 87.11041995840974 , 54.604528187101955 , 104
103 , 83.29976758104999 , 43.394049578047536 , 94
104 , 63.19665755509046 , 56.94488377417765 , 72
105 , 104.44111515539488 , 40.174218514632216 , 120
106 , 56.77488858464791 , 42.82323014897901 , 67
107 , 46.06495765534386 , 48.30846997291062 , 53
108 , 123.62665017559856 , 36.29343703033859 , 135
109 , 51.92384333216583 , 42.45241526282135 , 57
110 , 132.6212019406211 , 37.78694198474765 , 150
111 , 57.369858238616665 , 47.401558294458994 , 64
112 , 61.383538745356084 , 32.12010525699149 , 66
113 , 137.50617242165328 , 29.576473011703097 , 150
114 , 86.48787059001191 , 39.10379122599735 , 100
115 , 67.9569841254969 , 43.113074467013895 , 79
116 , 69.82644068472938 , 47.647303183496916 , 77
117 , 161.37298246006273 , 30.139524770237447 , 177
118 , 137.5806768751208 , 45.725816842735505 , 155
119 , 146.23898844988878 , 36.07879314879348 , 160
120 , 46.11934784720665 , 44.45006992973549 , 51
121 , 116.92727645007565 , 36.04216097419769 , 130
122 , 53.685447306081215 , 47.07159074129567 , 60
123 , 82.30908761240923 , 37.40080999452276 , 94
124 , 168.12339712178934 , 39.45444507923676 , 185
125 , 61.96959930778225 , 37.78166849796197 , 70
126 , 43.92315475861396 , 52.02381965539678 , 50
127 , 69.71086081185729 , 29.783602903098853 , 77
128 , 44.49422769241181 , 42.96865459330918 , 51
129 , 53.49264412336148 , 52.39015300464305 , 62
130 , 267.7253319926026 , 33.55717164349889 , 286
131 , 71.80808444145833 , 38.51179766384282 , 78
132 , 80.5461254139136 , 36.459314730137876 , 88
133 , 46.62794103368954 , 53.93111302292454 , 52
134 , 37.42116521320228 , 60.2526209312423 , 44
135 , 108.63095296915498 , 32.87538466840299 , 121
136 , 274.3708102548129 , 32.82896329108055 , 291
137 , 334.69931458858525 , 35.9130665283201 , 354
138 , 43.699354206726554 , 45.12267246670434 , 51
139 , 28.055150635089564 , 42.43851549292303 , 47
140 , 48.33825906820668 , 46.00946560051177 , 55
141 , 55.42911464221523 , 39.97709352281485 , 61
142 , 62.39648482143845 , 38.58033344351055 , 70
143 , 93.8192040668366 , 33.97137193045429 , 103
144 , 60.77105467219394 , 33.1556386188363 , 67
145 , 253.3951512364811 , 33.10657584198734 , 267
146 , 42.86835227672991 , 40.07174149197299 , 51
147 , 40.30050019714579 , 43.55477642659117 , 59
148 , 60.13900075046875 , 37.34883695019083 , 71
149 , 34.49061452798961 , 56.18846822636126 , 41
150 , 70.36516486600955 , 33.59381140664507 , 78
151 , 69.9181917598465 , 35.888650687929214 , 78
152 , 65.69269409638781 , 36.48024719166754 , 79
153 , 143.95802935738445 , 32.30268371509123 , 150
154 , 202.51069653648182 , 30.41902594926763 , 212
155 , 53.364160400096104 , 37.0534236384468 , 58
156 , 90.97470804484124 , 34.40657895671545 , 101
157 , 47.90734060435213 , 34.64690542518857 , 72
158 , 53.1610668539642 , 33.877063398618134 , 59
159 , 47.703852078425996 , 31.588954581825025 , 68
160 , 53.780656932676344 , 32.85232825506782 , 61
161 , 103.33240379046501 , 35.5838008001719 , 124
162 , 74.16844515769121 , 35.7605311177892 , 89
163 , 97.54084979629549 , 32.30158805459992 , 124
164 , 102.5492993234615 , 41.313709518995694 , 123
165 , 52.393674531231625 , 40.975547395356855 , 59
166 , 49.599330954588694 , 37.695005892444016 , 56
167 , 73.89084070390112 , 35.520116296843014 , 81
168 , 123.34023177437477 , 33.73340395744669 , 142
169 , 46.557661593686205 , 38.51111170133153 , 57
170 , 44.9394091228509 , 46.826713019740254 , 50
171 , 87.14916632451896 , 33.268537076753695 , 98
172 , 60.625612270274075 , 29.77912477558694 , 64
173 , 68.32814391311267 , 39.85572417469025 , 75
174 , 64.69504771855088 , 30.676210374711538 , 70
175 , 45.87570374219796 , 35.556008649005 , 54
176 , 58.44682059717174 , 32.64104033077332 , 62
177 , 40.4408831035255 , 37.59826698979032 , 45
178 , 77.6335979983869 , 32.09100421132879 , 89
179 , 72.61894112140162 , 31.4106674025934 , 81
180 , 49.012898709271184 , 34.264086627958946 , 53
181 , 62.808167381044946 , 36.28563345644511 , 70
182 , 39.02678778248574 , 45.885811724272415 , 43
183 , 101.48645792256805 , 32.24355869440611 , 111
184 , 197.34472330734545 , 53.32441910509749 , 219
185 , 55.96890874367097 , 37.46278095334817 , 61
186 , 151.0050316494981 , 56.39046069451698 , 173
187 , 961.2034894862309 , 39.02179735664999 , 1000
188 , 74.94663184490436 , 35.73105315440155 , 80
189 , 58.271375253475775 , 37.11892955429109 , 64
190 , 36.96544824676515 , 39.64314511222233 , 42
191 , 62.92495270745792 , 41.95335061268011 , 69
192 , 80.50374694832689 , 51.266445398470246 , 89
193 , 34.99912293614402 , 55.67093530341086 , 41
194 , 112.42113644011278 , 46.34006724565212 , 127
195 , 86.79741428298901 , 39.3187530973397 , 93
196 , 92.72079582621672 , 49.74841106393983 , 107
197 , 71.85797121195866 , 37.11437395042858 , 84
198 , 142.4661404006089 , 31.973155539534925 , 154
199 , 118.81368800076726 , 37.92863847281286 , 128
200 , 75.28836791562422 , 39.600610442307605 , 81
201 , 567.6595883752103 , 54.278435379871944 , 595
202 , 33.852111226805896 , 42.78420694615702 , 55
203 , 44.73506896792397 , 39.79765565853732 , 49
204 , 58.15398694092679 , 34.221476209542324 , 62
205 , 145.80331937842828 , 31.290918675533103 , 156
206 , 196.95031526477482 , 61.38052554885206 , 218
207 , 209.16574201368164 , 51.935840001536974 , 227
208 , 214.6780179549224 , 40.319208791787474 , 231
209 , 55.62215942897388 , 34.31542391063011 , 59
210 , 64.20778739179279 , 41.40838477447678 , 74
211 , 73.08048464758055 , 47.06821578673996 , 80
212 , 149.0775540940081 , 33.6874515725554 , 158
213 , 135.3857101457092 , 45.61380993183555 , 151
214 , 268.9237985872486 , 45.96672298723274 , 286
215 , 53.88183628718046 , 44.062872372580394 , 71
216 , -33.23770510909201 , 60.99284154306077 , 47
217 , 188.46704832449345 , 40.65773127684427 , 205
218 , 202.9440987968871 , 40.09879317324337 , 216
219 , 226.9015976229368 , 44.97559662615877 , 244
220 , 68.09712516597922 , 38.9569405078972 , 74
221 , 68.73660428177753 , 38.285934015725346 , 73
222 , 129.56413134107999 , 37.13761916362385 , 143
223 , 946.9618369308872 , 60.401165190243354 , 1000
224 , 199.3604738732892 , 35.61614967841927 , 212
225 , 167.10312344748237 , 36.49260305583242 , 181
226 , 187.58866407922974 , 31.038259495579357 , 199
227 , 956.4467873679101 , 47.51996527281962 , 1000
228 , 970.4921792565145 , 31.994155920021605 , 1000
229 , 130.78696336775576 , 32.136571302569195 , 138
230 , 52.07285578114829 , 51.13644481662544 , 59
231 , 88.05140769082004 , 41.20009986620865 , 94
232 , 193.24306835356745 , 34.76499190135468 , 207
233 , 54.17153183040188 , 36.24980506107468 , 59
234 , 65.60716946105303 , 44.6658830881731 , 74
235 , 311.3393413004938 , 39.789688248576695 , 341
236 , 91.61248269401689 , 29.667193353017023 , 100
237 , 237.5113443464111 , 51.37587504780197 , 255
238 , 970.3411538234325 , 21.21941070022541 , 1000
239 , -112.65980847776048 , 29.394096242263217 , 138
240 , 952.3746644420221 , 78.08881614949442 , 1000
241 , 139.1491178729406 , 43.99866141252183 , 152
242 , 47.56385144760796 , 36.934843653665254 , 52
243 , 142.2230548698279 , 35.335382428645666 , 155
244 , 38.665636213098544 , 45.24964054251532 , 44
245 , 76.77108796531893 , 36.643782586080576 , 83
246 , 78.89907209335837 , 32.14689821853098 , 84
247 , 221.79284554410634 , 32.19227099597019 , 232
248 , 45.21587710591332 , 37.026911839825 , 50
249 , 200.61508935727252 , 33.555349211198376 , 214
250 , 367.5299667915106 , 36.11088955626043 , 386
251 , 263.1505065930082 , 27.96690212224247 , 274
252 , 274.8541925295446 , 31.073130165323953 , 289
253 , 939.1993883021498 , 67.15107418738054 , 1000
254 , 221.4876751722595 , 28.90702850339513 , 234
255 , 404.7026979712093 , 72.89750689776899 , 451
256 , 393.19472878285944 , 49.69546544617194 , 422
257 , 143.50300524126456 , 40.2060065655385 , 161
258 , 44.72081139584139 , 33.274551945162926 , 49
259 , 282.30474285077383 , 36.00067030242378 , 299
260 , 281.1082962949776 , 57.33239681132304 , 320
261 , 222.11564917370603 , 33.38293074232201 , 238
262 , 964.1205457721956 , 28.75162588894913 , 1000
263 , 366.80500107404794 , 31.7516590981738 , 382
264 , 264.4736385157288 , 34.80179176649899 , 277
265 , 71.18113052368567 , 35.87127153945148 , 80
266 , 250.0607787434526 , 28.62213978295944 , 261
267 , 100.45745358903683 , 36.07174099926436 , 113
268 , 42.296059445766524 , 41.205642192178864 , 54
269 , 315.8596929329388 , 35.77251331862137 , 331
270 , 43.78975709907853 , 38.25830189425857 , 47
271 , 54.69793684435018 , 34.281753257059194 , 68
272 , 103.95465679739237 , 43.363387323976546 , 122
273 , 223.08039457900773 , 72.19673150011356 , 270
274 , 248.25403320527482 , 35.24859839570043 , 262
275 , 462.3523226060145 , 64.09213139207002 , 502
276 , 65.37319408371738 , 36.36844496687541 , 74
277 , 291.3289524397081 , 38.14127255669186 , 306
278 , 628.5684625202124 , 63.59425767285374 , 672
279 , 63.16962657082931 , 46.27685515678857 , 72
280 , 537.9652808192673 , 71.00989914924813 , 580
281 , 303.07146673072293 , 70.35568037735362 , 354
282 , 968.2020356402436 , 24.245358473247414 , 1000
283 , 312.35050675752524 , 96.08149949896418 , 377
284 , 563.8673486779961 , 107.79345622017283 , 626
285 , 57.038438958825225 , 36.73643041853762 , 63
286 , 955.9575244973042 , 47.56916877210168 , 1000
287 , 957.056751533394 , 38.374687066589445 , 1000
288 , 964.0035591362047 , 27.90262159677569 , 1000
289 , 39.63047340580546 , 40.2066687442955 , 45
290 , 966.0779480403341 , 25.478223517116884 , 1000
291 , 30.371598915705498 , 49.335295133934494 , 39
292 , 495.4937673442173 , 33.06429602322999 , 514
293 , 78.12678709492727 , 47.14339215937888 , 86
294 , 946.6176792889896 , 61.78930836360989 , 1000
295 , 54.983233522966934 , 42.68864339972649 , 61
296 , 489.93133654085193 , 39.819866139353586 , 513
297 , 53.967105470809365 , 37.38833631075349 , 59
298 , 597.9711456033442 , 105.16262837329033 , 653
299 , 35.42228003225973 , 52.69620336439232 , 43
300 , 703.2661781931747 , 52.076147132915025 , 743
301 , 966.903658628761 , 29.726562246725475 , 1000
302 , 965.6706555082202 , 28.835927022251777 , 1000
303 , 91.73855070111868 , 39.351939030088374 , 116
304 , 738.6686739428881 , 38.842099599376404 , 768
305 , 938.9282040353642 , 80.61069085519003 , 1000
306 , 764.7406220129807 , 45.72044748354263 , 805
307 , 51.60120113009455 , 40.086034516912854 , 64
308 , 601.1024300155767 , 44.92067053701522 , 631
309 , 646.6983233641959 , 33.49541065905369 , 670
310 , 730.9037887786566 , 64.51808668245305 , 776
311 , 942.4222739607302 , 69.6182967929385 , 1000
312 , 947.0885174232392 , 54.930309356043665 , 1000
313 , 932.8712976116468 , 98.40351004563522 , 1000
314 , 943.5742529534959 , 83.86627109054781 , 1000
315 , 956.7130535814292 , 34.92964017794155 , 1000
316 , 381.5862588562988 , 102.21987754973567 , 440
317 , 416.66343563200695 , 31.821423610477638 , 433
318 , 398.7017369149213 , 30.493684121214983 , 412
319 , 60.56836284562591 , 32.9524353338913 , 66
320 , 940.0952514919805 , 72.19054288670118 , 1000
321 , 964.6066853693225 , 24.353918020649694 , 1000
322 , 64.28750141857732 , 36.91936825521956 , 70
323 , 964.1651990621272 , 22.775505545445732 , 1000
324 , 961.2373056333403 , 26.57349936117131 , 1000
325 , 39.44856692726376 , 46.98255227597314 , 48
326 , 37.57137676822898 , 42.896931525167396 , 43
327 , 966.4623782295694 , 34.56976516120859 , 1000
328 , 959.9845560682095 , 35.13595366211672 , 1000
329 , 64.02569034031835 , 34.45491274805457 , 71
330 , 967.039056974989 , 25.099804786598657 , 1000
331 , 9.936915316782216 , 64.80944319364485 , 42
332 , 38.138247733309136 , 48.401808372313994 , 49
333 , 58.38422287210433 , 40.86752488837227 , 66
334 , 32.30112182267923 , 52.55358672539287 , 43
335 , 967.4836013433876 , 23.097101860237217 , 1000
336 , 965.501507487062 , 23.450869103587486 , 1000
337 , 965.082673924144 , 24.525310988739044 , 1000
338 , 61.07181702591015 , 32.88894972563183 , 68
339 , 960.7030848813235 , 26.54129270519012 , 1000
340 , 76.44382062991932 , 38.81446213170891 , 92
341 , 964.5490150195594 , 24.755279380492386 , 1000
342 , 196.614968247002 , 68.11271372136564 , 229
343 , 90.93343199011623 , 45.80729916967932 , 105
344 , 960.1086231891112 , 39.012176966473945 , 1000
345 , 938.8722032423863 , 63.87266021964641 , 1000
346 , 951.971380365379 , 60.697530138890265 , 1000
347 , 956.8782154584679 , 43.377071901466955 , 1000
348 , 67.09635204885885 , 35.50583248057566 , 75
349 , 51.98532656721402 , 31.540538818127587 , 57
350 , 65.22675543131578 , 34.93165989254141 , 76
351 , 964.3362843836029 , 42.47938548973715 , 1000
352 , 75.77673896215367 , 34.12266706930408 , 84
353 , 939.3410569287418 , 62.37376153515158 , 1000
354 , 968.3987026007754 , 23.15400592113938 , 1000
355 , 949.4814747510521 , 50.983561236014566 , 1000
356 , 952.1820797435454 , 56.70958721824179 , 1000
357 , 198.73807193160772 , 42.39645905969111 , 224
358 , 963.7565448127777 , 39.88780413016373 , 1000
359 , 244.06121295352605 , 33.59731134228903 , 256
360 , 180.35229821223476 , 29.369746169652256 , 196
361 , 967.7592183516654 , 24.995057352265736 , 1000
362 , 149.67861308250193 , 36.07180350579297 , 166
363 , 340.068652233431 , 58.47218787626802 , 367
364 , 375.81935939510834 , 31.65729565374526 , 389
365 , 444.26478099402095 , 58.87292972841984 , 477
366 , 47.73106334978593 , 41.89296561831848 , 55
367 , 94.09422152311731 , 37.02138709644758 , 102
368 , 966.9902691017228 , 23.192930051204687 , 1000
369 , 968.6712073319737 , 21.984777252408232 , 1000
370 , 965.9852495202093 , 24.85202868814236 , 1000
371 , 56.24133284536526 , 33.314824123756495 , 65
372 , 881.898775958747 , 73.10579434311249 , 934
373 , 45.636049025582444 , 34.80077646133727 , 54
374 , 57.74497688301005 , 38.604268190186936 , 67
375 , 963.3579263945745 , 42.675831815890284 , 1000
376 , 965.3313019123477 , 26.3637911705377 , 1000
377 , 964.1980900288593 , 32.19021891804358 , 1000
378 , 37.78833225308745 , 47.6428828601506 , 53
379 , 964.8432084018608 , 26.736786329810833 , 1000
380 , 968.5082417984781 , 24.317072830525984 , 1000
381 , 959.4499538023172 , 52.30002858951961 , 1000
382 , 931.6804339112496 , 101.51131237696383 , 1000
383 , 963.8618711552625 , 43.03125013158673 , 1000
384 , 963.6989517015462 , 34.503461922331574 , 1000
385 , 262.59328331673106 , 44.924831729779754 , 285
386 , 30.69730027082973 , 46.95923936604025 , 48
387 , 949.0421930643323 , 77.87882811327984 , 1000
388 , 952.6843985696194 , 85.33359674743824 , 1000
389 , 969.6606635859224 , 20.44695696023177 , 1000
390 , 969.3781401587515 , 21.052371063734462 , 1000
391 , 969.3808863024799 , 22.21675371351665 , 1000
392 , 43.55915588244644 , 41.995493773861504 , 50
393 , 42.77861134488332 , 42.314546240086514 , 56
394 , 958.5776319650585 , 64.62527137683247 , 1000
395 , 970.122026792571 , 26.188031948237363 , 1000
396 , 969.6691360531084 , 22.736716474341055 , 1000
397 , 276.0554000855519 , 38.821149180705085 , 292
398 , 136.41674143038978 , 28.97591122055224 , 145
399 , 968.7490047361025 , 30.614439633545448 , 1000
400 , 962.717247747179 , 44.80949486923168 , 1000
401 , 962.2418846890095 , 49.62899735010194 , 1000
402 , 947.4909333453388 , 73.89710799569635 , 1000
403 , 969.0683857941086 , 27.465422852372484 , 1000
404 , 969.1761583820464 , 23.699263324352167 , 1000
405 , 971.4531637705979 , 19.846143760742756 , 1000
406 , 60.0245826229131 , 40.86458946508652 , 72
407 , 970.5073693759962 , 23.796904272906822 , 1000
408 , 968.1548082926247 , 28.80488856999023 , 1000
409 , 957.6733338428204 , 59.13599530574609 , 1000
410 , 965.9362933374427 , 36.86336630745748 , 1000
411 , 967.5271572375158 , 21.795151005049316 , 1000
412 , 965.3552317471157 , 27.850068054664522 , 1000
413 , 964.8703704455596 , 39.639132930298686 , 1000
414 , 959.8049670927696 , 52.03597798927876 , 1000
415 , 965.9754749884715 , 27.79497087332453 , 1000
416 , 969.5673547028597 , 22.081595496991586 , 1000
417 , 968.4925241228949 , 27.261213928812577 , 1000
418 , 965.5550915384981 , 24.44036144851894 , 1000
419 , 964.717907210678 , 37.96287941728721 , 1000
420 , 955.2087097209511 , 53.23728942215906 , 1000
421 , 962.3432458052675 , 60.18010432410732 , 1000
422 , 966.330802927801 , 25.414190338930624 , 1000
423 , 61.36968277418144 , 42.425616516458014 , 77
424 , 953.1432940188486 , 56.104116480954154 , 1000
425 , 967.5208615548687 , 24.978185948066262 , 1000
426 , 961.566532532737 , 42.043752810807824 , 1000
427 , 962.9264339907759 , 36.75413449741416 , 1000
428 , 966.331025814199 , 22.883610954470875 , 1000
429 , 954.8696235475356 , 62.82555343496804 , 1000
430 , 962.4201649621385 , 53.25409393138381 , 1000
431 , 969.3223396765555 , 22.396990745138986 , 1000
432 , 967.0287797646944 , 33.856706011234174 , 1000
433 , 957.2617903702958 , 30.368336086558866 , 1000
434 , 967.8677737183505 , 24.748485817919384 , 1000
435 , 41.52463952426884 , 42.171740389609965 , 48
436 , 58.503602166430326 , 37.56003759011717 , 65
437 , 958.9138667069027 , 59.99451755795296 , 1000
438 , 955.3232999158636 , 72.1712073159664 , 1000
439 , 962.108700951877 , 28.975688930178897 , 1000
440 , 966.2276926214251 , 26.03848018869131 , 1000
441 , 966.0448618460628 , 25.718704829023995 , 1000
442 , 967.7643107345912 , 29.508691975532003 , 1000
443 , 967.5837389172924 , 30.416642843110537 , 1000
444 , 965.9062181692411 , 46.210016888035476 , 1000
445 , 44.970216379825146 , 44.075966893566736 , 61
446 , 872.3536014092806 , 49.54060083789359 , 906
447 , 969.4382067590926 , 37.19538006062283 , 1000
448 , 34.90802828766767 , 50.151309993402464 , 49
449 , 971.6649904993594 , 22.336460335892156 , 1000
450 , 60.48282271639491 , 42.01108412163157 , 76
451 , 961.810430616561 , 39.85579004625289 , 1000
452 , 37.363477717706495 , 53.11677487395512 , 46
453 , 966.2531376312065 , 37.76115968388694 , 1000
454 , 965.7966433443642 , 55.07630041354062 , 1000
455 , 873.7526745392134 , 33.38539355862345 , 906
456 , 958.7857357357047 , 46.40757996335943 , 1000
457 , 967.3105521248651 , 25.69357421273931 , 1000
458 , 970.7900166386571 , 21.146178582965593 , 1000
459 , 964.0013660437761 , 33.50632513335269 , 1000
460 , 727.5653277530747 , 33.746797517697544 , 754
461 , 962.1680203831968 , 48.480229510249906 , 1000
462 , 938.5839481691293 , 92.7506596688315 , 1000
463 , 968.8355894228536 , 22.28096413956652 , 1000
464 , 75.07197309239916 , 47.918394697529884 , 90
465 , 967.0165436536402 , 28.976755758426787 , 1000
466 , 44.083113671287535 , 45.66184111731723 , 52
467 , 966.3085624367499 , 27.96447885794596 , 1000
468 , 962.2858586266883 , 56.8696875081878 , 1000
469 , 963.0877083462078 , 52.96032077486965 , 1000
470 , 962.8184656152488 , 42.5713001358658 , 1000
471 , 953.5857246931378 , 83.19103414586789 , 1000
472 , 967.097698255472 , 36.42688520192997 , 1000
473 , 965.0322008783024 , 36.0697117034274 , 1000
474 , 968.1398813657144 , 25.689703722426117 , 1000
475 , 970.8881124074115 , 22.991963192487734 , 1000
476 , 296.41407735086875 , 32.12499183819264 , 310
477 , 38.66592662727674 , 46.985277678828595 , 45
478 , 970.2266618780666 , 17.76861956651012 , 1000
479 , 949.4427598532295 , 87.64366969448295 , 1000
480 , 972.7530876578655 , 21.39161890234407 , 1000
481 , 29.108679756179978 , 55.53615958027691 , 43
482 , 966.3151987581901 , 35.57519426093903 , 1000
483 , 967.3453631000477 , 32.67118295616915 , 1000
484 , 931.6847508228446 , 60.46619952012625 , 1000
485 , 970.3459665277106 , 31.65670636528166 , 1000
486 , 466.67782872768566 , 30.1164593244087 , 483
487 , 34.063705015240465 , 53.41283300787397 , 46
488 , 959.039997497443 , 76.65735498193234 , 1000
489 , 955.4085248394392 , 59.73499903973991 , 1000
490 , 960.8790083333677 , 60.535909841013925 , 1000
491 , 43.67989774245965 , 36.447625322801485 , 50
492 , 969.7491236120535 , 22.409800296853135 , 1000
493 , 971.94874477307 , 20.51830279202456 , 1000
494 , 967.6810525567017 , 20.97509579133153 , 1000
495 , 958.246610759725 , 59.7667323601736 , 1000
496 , 967.9969491815452 , 31.70541809436354 , 1000
497 , 951.7840714708708 , 79.21635245008028 , 1000
498 , 967.9287952203691 , 31.12570916979945 , 1000
499 , 970.9847664954927 , 24.627457813596383 , 1000
500 , 947.1564156057186 , 93.01185770102839 , 1000
501 , 964.6614148834601 , 53.17428611173665 , 1000
502 , 944.8863885804003 , 89.05919948631157 , 1000
503 , 966.3245413169557 , 38.700593607993596 , 1000
504 , 372.26132583930104 , 35.04465338206048 , 393
505 , 965.3095232169628 , 57.277145403537986 , 1000
506 , 959.5191360816864 , 67.27434866234286 , 1000
507 , 971.9726823467038 , 25.665320536126835 , 1000
508 , 964.0064614077374 , 40.94153650997692 , 1000
509 , 965.3283365451242 , 35.844507765379866 , 1000
510 , 941.9914206939269 , 53.00369935215386 , 1000
511 , 197.00078304386568 , 42.902182465629274 , 216
512 , 968.9239104914009 , 30.560736630454574 , 1000
513 , 970.8906590088111 , 21.14013884109175 , 1000
514 , 963.1886890204138 , 45.347467706597264 , 1000
515 , 963.1822954443091 , 59.164245209925525 , 1000
516 , 964.0186036480997 , 38.89623028352277 , 1000
517 , 53.22230244685304 , 34.25601731684759 , 68
518 , 964.3556381490683 , 40.9176000044179 , 1000
519 , 965.604610711743 , 33.518637513944476 , 1000
520 , 37.06372522636594 , 39.00782207001822 , 45
521 , 658.9068648695612 , 32.28968186979592 , 684
522 , 959.9370603294891 , 73.68310542623604 , 1000
523 , 264.8876920893715 , 37.92847257953722 , 285
524 , 31.469196814840334 , 53.41958415678889 , 53
525 , 962.6716852278554 , 61.35994955158903 , 1000
526 , 967.2221644863943 , 32.36563833644918 , 1000
527 , 964.9561041370607 , 40.34922181080674 , 1000
528 , 959.6048598510581 , 72.10303190639888 , 1000
529 , 965.2255845750436 , 63.75127631483675 , 1000
530 , 971.0110946613065 , 20.914086614919395 , 1000
531 , 968.5028273200181 , 24.41582308226342 , 1000
532 , 970.3500111099277 , 31.1376862135632 , 1000
533 , 959.4606745489771 , 56.57463083276413 , 1000
534 , 971.722537710138 , 21.96398620724752 , 1000
535 , 971.6581648295581 , 19.762068328347187 , 1000
536 , 949.6321481789818 , 87.59802125576746 , 1000
537 , 963.4532171192645 , 39.50844228991065 , 1000
538 , 956.9218747383771 , 77.0577734640487 , 1000
539 , 967.7150929952929 , 30.8015040425069 , 1000
540 , 969.9780688020769 , 26.36561683659083 , 1000
541 , 967.015085302772 , 25.26733542373909 , 1000
542 , 44.240222812659255 , 33.057142252171566 , 55
543 , 950.740764486939 , 95.09866770460056 , 1000
544 , 69.01891785559432 , 39.66507269477405 , 82
545 , 958.3643065110829 , 62.40963047628072 , 1000
546 , 964.3938514373225 , 37.36253740554089 , 1000
547 , 964.7575770775927 , 26.152029535125795 , 1000
548 , 959.8114296333154 , 50.0650317878677 , 1000
549 , 236.80676478110698 , 41.08960358351389 , 260
550 , 968.2294746230976 , 20.969663125495124 , 1000
551 , 411.6721321576703 , 64.21218695201878 , 435
552 , 41.71797325399352 , 50.854887669940624 , 56
553 , 967.1701473239099 , 37.92924212487945 , 1000
554 , 949.5301161433232 , 109.87649231120126 , 1000
555 , 970.3267968025517 , 24.888423598584634 , 1000
556 , 962.7506032223602 , 61.83463508901232 , 1000
557 , 196.07939735354995 , 49.63172968303156 , 212
558 , 969.4602983458469 , 21.06570303709169 , 1000
559 , 968.7486550971661 , 31.05855994040001 , 1000
560 , 968.4217279697159 , 21.687309570273253 , 1000
561 , 953.4154696684988 , 61.10974407674617 , 1000
562 , 955.4624292386912 , 70.3744313106936 , 1000
563 , 970.3041272503203 , 19.795583394841987 , 1000
564 , 958.6963569574727 , 70.11050811987617 , 1000
565 , 973.6639195094656 , 20.07534207099418 , 1000
566 , 968.807032345695 , 53.54193776936604 , 1000
567 , 966.3382472047491 , 67.07544107790135 , 1000
568 , 300.2625239821058 , 34.35362068481102 , 315
569 , 34.863898671587286 , 87.802611359561 , 44
570 , 957.5493235066052 , 52.6905473153649 , 1000
571 , 966.671640242634 , 39.30380311755092 , 1000
572 , 972.2815409374099 , 19.358453204769322 , 1000
573 , 957.4898789463888 , 41.22354954242445 , 1000
574 , 325.408554699729 , 37.70867985800533 , 349
575 , 969.8353024055943 , 26.534050992100248 , 1000
576 , 968.7546245433697 , 23.484013670109565 , 1000
577 , 953.4883665738607 , 80.15584763666186 , 1000
578 , 48.51214259400625 , 46.784332811831625 , 62
579 , 34.014399703374586 , 67.33234718716764 , 43
580 , 967.4863649607865 , 43.252053822881216 , 1000
581 , 962.2196483419679 , 68.33351781197274 , 1000
582 , 949.1572781718384 , 44.59323933494857 , 1000
583 , 50.25967663998155 , 38.18184592064552 , 65
584 , 967.1378236041415 , 43.66901162750655 , 1000
585 , 963.1601085284123 , 61.99324679902061 , 1000
586 , 966.2245959553608 , 41.16332582269089 , 1000
587 , 35.132792467457165 , 43.04950338493551 , 42
588 , 960.608379185685 , 64.60881749468552 , 1000
589 , 959.7960004819873 , 66.474338426102 , 1000
590 , 959.933532915218 , 84.31342908624869 , 1000
591 , 957.6529130333778 , 86.10364263651053 , 1000
592 , 68.26340367665233 , 43.20983312254918 , 86
593 , 854.0437426992455 , 40.02063179812563 , 898
594 , 970.3023506297797 , 20.543483742810476 , 1000
595 , 46.3992389995825 , 47.78942417112707 , 65
596 , 954.9381693478994 , 96.71188470562525 , 1000
597 , 966.4099133689173 , 27.82684927205409 , 1000
598 , 950.9728050466698 , 43.71262065226496 , 1000
599 , 45.70968572753766 , 44.7354778406404 , 56
600 , 34.10140547769928 , 40.53227368649524 , 42
601 , 50.78725602954177 , 39.20982362957047 , 70
602 , 968.9802575648793 , 43.76867760552704 , 1000
603 , 967.6666830002342 , 29.9661998057226 , 1000
604 , 956.7755589046293 , 48.327626734439285 , 1000
605 , 952.5143724773134 , 82.83056185003848 , 1000
606 , 969.1309674542315 , 22.45650659682669 , 1000
607 , 59.45565910896968 , 50.275422542813615 , 79
608 , 966.6492672730577 , 38.94613357594396 , 1000
609 , 35.97682828817231 , 60.41860177801872 , 46
610 , 963.9136599087453 , 39.37331794092956 , 1000
611 , 955.4369597614249 , 48.86557388959861 , 1000
612 , 969.1644667795082 , 23.46868765246681 , 1000
613 , 953.8734009597648 , 48.52756630341929 , 1000
614 , 950.7670619844123 , 96.03994117915312 , 1000
615 , 969.6648780896381 , 30.17999917649164 , 1000
616 , 959.9436753266808 , 78.14921052359651 , 1000
617 , 967.6166287365403 , 25.115596050226483 , 1000
618 , 958.0093437713277 , 40.60215690838394 , 1000
619 , 967.8533463892348 , 27.34225339886662 , 1000
620 , 960.1826041968178 , 70.77954832420077 , 1000
621 , 30.025508973466675 , 56.55617344198755 , 45
622 , 956.5096464741194 , 79.48880519550545 , 1000
623 , 951.8931266083413 , 49.24099015603072 , 1000
624 , 51.08392399633428 , 52.951168636437984 , 71
625 , 957.0459493454625 , 44.17279144781121 , 1000
626 , 966.5082173983368 , 28.5083233990799 , 1000
627 , 26.631945069140585 , 54.73753767266004 , 47
628 , 953.4759078794131 , 48.83042272906871 , 1000
629 , 961.7823438085379 , 52.71785091590285 , 1000
630 , 949.2672817892906 , 56.17778412057958 , 1000
631 , 959.3429201129907 , 87.98807061789242 , 1000
632 , 36.14570486338144 , 51.218064810739705 , 46
633 , 36.54464148640011 , 51.74418559843884 , 51
634 , 40.217919363346454 , 54.17040748967344 , 49
635 , 954.8311487562534 , 46.920799550434744 , 1000
636 , 44.293644288826755 , 50.55088331407567 , 53
637 , 32.37807248629206 , 83.91909613305816 , 43
638 , 962.6543076071871 , 41.050763507284636 , 1000
639 , 970.5983733942159 , 24.062716841769543 , 1000
640 , 971.6837457331201 , 21.01802597635704 , 1000
641 , 34.23632679970701 , 52.99417407358883 , 46
642 , 31.711520995940102 , 45.72362245450152 , 55
643 , 966.1026494901213 , 31.166580958576045 , 1000
644 , 964.5069757387006 , 30.871998029733135 , 1000
645 , 946.7662842569612 , 87.4184728023677 , 1000
646 , 963.3651669694054 , 44.963270492652036 , 1000
647 , 969.7702042974433 , 24.80596208756896 , 1000
648 , 32.34782162195049 , 71.70439505195588 , 43
649 , 35.92524891045772 , 48.55275397358971 , 56
650 , 968.692781725979 , 32.832592307320915 , 1000
651 , 508.74149407992286 , 30.624237475766037 , 528
652 , 958.9094960948615 , 49.44619628063548 , 1000
653 , 947.480290832406 , 105.87162964041056 , 1000
654 , 970.6139430195449 , 19.53358170122232 , 1000
655 , 964.9733366378011 , 38.758278886091105 , 1000
656 , 960.2260780000912 , 42.38347732007194 , 1000
657 , 967.7784091876251 , 25.03536078684459 , 1000
658 , 955.7446741338688 , 78.21232555086208 , 1000
659 , 971.8347082790721 , 17.987453515952446 , 1000
660 , 971.4359394336046 , 19.999453769259752 , 1000
661 , 969.9605437505809 , 23.38009023582063 , 1000
662 , 959.4810526455244 , 40.35022328613387 , 1000
663 , 965.7854046706979 , 30.837227178033906 , 1000
664 , 49.345420756013695 , 45.287460352591864 , 57
665 , 960.7240236769019 , 36.58548297269601 , 1000
666 , 958.0755394402227 , 70.14756274306005 , 1000
667 , 23.218342259369276 , 41.86968994841443 , 49
668 , 971.0065876850816 , 24.46900212710201 , 1000
669 , 961.5767191975153 , 39.95850918993269 , 1000
670 , 961.198690298673 , 60.1728142175444 , 1000
671 , 971.4453967623489 , 23.72966012936983 , 1000
672 , 962.3055518738391 , 38.60178112803415 , 1000
673 , 517.2078352592829 , 36.53268006889604 , 541
674 , 37.84334619261998 , 51.30519245787622 , 46
675 , 950.3654838439354 , 53.14521525665016 , 1000
676 , 966.2994434184594 , 58.20355060268624 , 1000
677 , 969.1697378206943 , 24.049396445044714 , 1000
678 , 963.0019010771124 , 40.506892853359865 , 1000
679 , 960.7063942282133 , 37.48571992322974 , 1000
680 , 969.1646409601797 , 21.651771375108044 , 1000
681 , 390.93290999761274 , 36.90097233782716 , 414
682 , 962.3273344323869 , 39.22551402895567 , 1000
683 , 326.9373574345079 , 29.329487139905865 , 340
684 , 966.9484399254685 , 21.40788002969247 , 1000
685 , 963.534119229364 , 38.778650993497315 , 1000
686 , 970.9931579581647 , 20.295041254490926 , 1000
687 , 963.3665403660576 , 38.887477013576316 , 1000
688 , 951.8072996491694 , 55.70355417726798 , 1000
689 , 972.3740579167697 , 20.254331597143583 , 1000
690 , 55.71610757266698 , 46.88931581825423 , 73
691 , 39.21751229655745 , 47.87193584251548 , 47
692 , 962.810068426534 , 35.69941858749509 , 1000
693 , 957.5132295040805 , 43.246160725887826 , 1000
694 , 972.4548109906942 , 22.015281346065972 , 1000
695 , 969.3530086353173 , 25.379574979113638 , 1000
696 , 967.5440873470781 , 28.96778762824639 , 1000
697 , 49.11602947872957 , 44.36165757188645 , 68
698 , 968.6692276768456 , 26.280707399118555 , 1000
699 , 964.9328990710665 , 35.160629204904836 , 1000
700 , 961.7092822063167 , 40.932927433686636 , 1000
701 , 970.1815817660615 , 29.34887878081701 , 1000
702 , 962.198138809072 , 40.61753047867651 , 1000
703 , 317.6330350130472 , 39.04115247480265 , 334
704 , 961.279517594181 , 39.26668219338664 , 1000
705 , 955.7620444714628 , 60.7073143975962 , 1000
706 , 965.2304936443044 , 29.982295243268936 , 1000
707 , 968.1995227468549 , 28.908811271412535 , 1000
708 , 969.0344195533102 , 25.927815217079534 , 1000
709 , 959.0498824647875 , 43.70525579184497 , 1000
710 , 958.090839435033 , 44.98495125035299 , 1000
711 , 969.2335552695488 , 24.45988765681058 , 1000
712 , 968.8002998632397 , 28.966041473393773 , 1000
713 , 964.698114503253 , 38.86673723753842 , 1000
714 , 23.367884619411214 , 63.87397199414648 , 43
715 , 970.0701046264193 , 23.03508445541354 , 1000
716 , 968.9149316512838 , 34.81964560765789 , 1000
717 , 972.0474469254291 , 22.088048758461536 , 1000
718 , 967.5506290925158 , 29.29858520902437 , 1000
719 , 328.8148404881387 , 30.917940748337415 , 341
720 , 958.4266066070098 , 48.8181390033124 , 1000
721 , 969.7345465397735 , 23.660019940772475 , 1000
722 , 42.19365764732793 , 46.54608930983927 , 49
723 , 966.4259914656863 , 53.97164956157156 , 1000
724 , 962.1544184053243 , 44.44516368540623 , 1000
725 , 968.6630428000145 , 31.41720946257747 , 1000
726 , 959.1298414546239 , 45.325461946279354 , 1000
727 , 58.121817823952135 , 47.807200150608665 , 76
728 , 968.3068416406853 , 22.134336594482868 , 1000
729 , 971.9677902247117 , 21.859307767143083 , 1000
730 , 965.6441602976843 , 25.207439323510584 , 1000
731 , 961.7622769120826 , 42.21338994404698 , 1000
732 , 970.2282907199941 , 22.67540585328065 , 1000
733 , 69.09858435553828 , 42.591668379970464 , 87
734 , 338.85350546004196 , 35.90500077148146 , 358
735 , 943.480769125956 , 70.30934960533297 , 1000
736 , 36.2209972995422 , 47.5297992470935 , 43
737 , 963.4250669101107 , 47.94116237200206 , 1000
738 , 350.9293764134952 , 42.523283397426475 , 373
739 , 955.7481755674773 , 51.6499820280901 , 1000
740 , 28.448405908437483 , 60.96926679945269 , 43
741 , 970.2903913496637 , 29.27734794668896 , 1000
742 , 972.7046878640398 , 18.892572880805822 , 1000
743 , 31.917925306041198 , 51.15348268241049 , 41
744 , 971.4962551345735 , 20.005678789339225 , 1000
745 , 966.475993011883 , 31.930147404595807 , 1000
746 , 37.54042060085496 , 54.652487399821425 , 60
747 , 968.7257705483072 , 20.44235661611147 , 1000
748 , 968.2985930110084 , 29.04379211018135 , 1000
749 , 664.6440668736593 , 44.01349520088424 , 694
750 , 956.8654119555991 , 40.955142252930806 , 1000
751 , 964.9746750036994 , 41.11169703535224 , 1000
752 , 966.0965759963293 , 35.96978586501418 , 1000
753 , 165.96774416605516 , 33.56152675786596 , 176
754 , 971.7104819833806 , 19.105655846898483 , 1000
755 , 961.9883861837933 , 44.332441788663886 , 1000
756 , 973.4574889893419 , 18.42526635290872 , 1000
757 , 970.6858330274986 , 18.978372170813174 , 1000
758 , 963.3997371947962 , 50.1454158623483 , 1000
759 , 969.5140039207328 , 24.647842055854426 , 1000
760 , 972.2337256721516 , 19.832578355005765 , 1000
761 , 965.7320183130589 , 36.60555566496216 , 1000
762 , 968.9954649749451 , 27.565929059252998 , 1000
763 , 34.75513061187246 , 57.029897159054364 , 43
764 , 966.1570029786365 , 24.99405488808708 , 1000
765 , 955.3266863399621 , 50.01397877225113 , 1000
766 , 957.6523058330533 , 62.30245063671918 , 1000
767 , 969.7743174161105 , 28.624008823414893 , 1000
768 , 966.5566134183147 , 24.58631098770909 , 1000
769 , 961.7551399065577 , 26.79335176078731 , 1000
770 , 37.85812363954054 , 39.24648363766856 , 44
771 , 967.4132492278395 , 29.297606982684098 , 1000
772 , 966.6172392599444 , 31.157252633581514 , 1000
773 , 40.8450257911364 , 44.918428527814186 , 58
774 , 942.3512922527344 , 68.86607687208142 , 1000
775 , 962.8359614506271 , 41.398066998926424 , 1000
776 , 258.15265934226926 , 32.14757169903122 , 272
777 , 56.18346913705887 , 39.72662162296668 , 75
778 , 968.6269010192002 , 28.27306634107169 , 1000
779 , 508.8880032611594 , 38.603947160526694 , 531
780 , 38.32091805776682 , 43.427418816092334 , 45
781 , 947.6875450291216 , 105.18035021859805 , 1000
782 , 958.0951127674246 , 48.16051814306919 , 1000
783 , 965.9079031337479 , 28.414678346835032 , 1000
784 , 946.2317068820164 , 68.52490287227822 , 1000
785 , 966.5442716926098 , 30.30344735692883 , 1000
786 , 961.2436472811166 , 35.800764961218526 , 1000
787 , 962.8867781435213 , 28.527168859479005 , 1000
788 , 960.8746306235292 , 49.53538199526983 , 1000
789 , 964.6016686354689 , 40.719625953830985 , 1000
790 , 970.0226891626669 , 21.8749515176839 , 1000
791 , 967.3537063677757 , 35.67084335417884 , 1000
792 , 949.0783097725747 , 61.982255368386966 , 1000
793 , 959.8421426389108 , 59.05255817644936 , 1000
794 , 969.5000521166486 , 32.534436984420225 , 1000
795 , 965.6607658650088 , 28.673515195703526 , 1000
796 , 967.969623612595 , 29.077813105446648 , 1000
797 , 964.4179007294198 , 41.034200870906545 , 1000
798 , 965.2187441819317 , 27.68426868822625 , 1000
799 , 955.2335651254044 , 73.45783703670756 , 1000
800 , 964.219416524931 , 46.90687217040088 , 1000
801 , 966.9555693448456 , 27.048965254178327 , 1000
802 , 961.9353333106618 , 33.123054030548715 , 1000
803 , 968.8593480921301 , 31.84207765547647 , 1000
804 , 965.5721062873145 , 28.384396626694475 , 1000
805 , 966.5646285372969 , 26.497086420016593 , 1000
806 , 969.2454264763547 , 26.658684018300736 , 1000
807 , 956.028673910382 , 55.468775949121195 , 1000
808 , 958.7262408284613 , 50.37981305505858 , 1000
809 , 954.5382503967995 , 53.31154199699216 , 1000
810 , 963.4340149725409 , 37.49877802050691 , 1000
811 , 944.0239025197052 , 70.03407123192062 , 1000
812 , 965.8019866581378 , 40.303632649733686 , 1000
813 , 39.363908409826976 , 38.03684688294647 , 45
814 , 964.69179023878 , 45.89699885662383 , 1000
815 , 431.7687891538419 , 32.46087321409188 , 451
816 , 34.53815004156067 , 40.45749403549982 , 51
817 , 36.79372701249966 , 52.94026548482166 , 61
818 , 964.3975185676264 , 41.89637651913065 , 1000
819 , 961.9039505828649 , 39.81928704499705 , 1000
820 , 962.3776451519576 , 44.49660040635156 , 1000
821 , 298.7943194274945 , 48.878486057967365 , 332
822 , 962.6065507091793 , 29.01448465307061 , 1000
823 , 35.07559295278275 , 52.45466667943816 , 42
824 , 965.7024487439709 , 29.01258971469194 , 1000
825 , 956.5251465404956 , 48.4324103404933 , 1000
826 , 966.6096241902328 , 49.90735522147315 , 1000
827 , 960.2173193323168 , 78.78841636626127 , 1000
828 , 967.6315313983279 , 26.207652652014094 , 1000
829 , 968.0288037910536 , 40.74327358159429 , 1000
830 , 961.1594290341271 , 48.84694426968237 , 1000
831 , 32.60168385541161 , 56.88477214171968 , 41
832 , 965.412573126044 , 29.636006960418847 , 1000
833 , 970.3618780086138 , 18.6314721694345 , 1000
834 , 967.5646178033933 , 29.745947562706416 , 1000
835 , 955.1894009427633 , 58.5916029238732 , 1000
836 , 970.8634398376324 , 19.678668093249406 , 1000
837 , 963.6536876723703 , 39.84371816763567 , 1000
838 , 962.3610901565019 , 43.11651430334833 , 1000
839 , 961.0988447803571 , 50.41534943065952 , 1000
840 , 970.3264285882652 , 17.35224733102716 , 1000
841 , 969.4309334964928 , 22.19235269844004 , 1000
842 , 959.574204509978 , 42.94672979723079 , 1000
843 , 957.9824118020953 , 51.977307314879596 , 1000
844 , 970.7120030330718 , 29.314979245158156 , 1000
845 , 965.0663132393747 , 31.257592995738754 , 1000
846 , 967.0827584170271 , 25.694871690189142 , 1000
847 , 958.8398709409352 , 86.22184001059357 , 1000
848 , 963.0504823759971 , 49.72002054565155 , 1000
849 , 956.7939207971159 , 63.22872425387364 , 1000
850 , 968.6573738507649 , 30.679470586975384 , 1000
851 , 35.80635434895757 , 61.20716471432479 , 61
852 , 965.7094106473279 , 27.439821375617488 , 1000
853 , 960.9087551213026 , 53.933554407818434 , 1000
854 , 969.0356674572635 , 20.150848175871648 , 1000
855 , 969.9151115790984 , 19.451666777853053 , 1000
856 , 966.7581139703507 , 28.707038079927646 , 1000
857 , 961.0180497521753 , 50.26800428164199 , 1000
858 , 966.647684788912 , 28.86102151805203 , 1000
859 , 965.4731139371876 , 28.254711489354307 , 1000
860 , 956.0566576303761 , 54.36966379045512 , 1000
861 , 960.9366306972795 , 72.07553055003359 , 1000
862 , 964.1693648188563 , 61.8991484344788 , 1000
863 , 952.897833340248 , 84.75338512422013 , 1000
864 , 963.730778044268 , 27.209778290255937 , 1000
865 , 30.878099374382302 , 53.85640939171817 , 41
866 , 966.3262395004174 , 59.0773343182244 , 1000
867 , 968.0834695895751 , 46.524220996888936 , 1000
868 , 964.0950807732329 , 57.91870739541145 , 1000
869 , 35.18136852218475 , 45.67636048038047 , 52
870 , 967.44767396073 , 25.705052849681465 , 1000
871 , 969.470881906778 , 20.424759393950797 , 1000
872 , 968.3400329506185 , 18.984588049772658 , 1000
873 , 966.2409742208542 , 28.504556599875833 , 1000
874 , 961.8641806310292 , 64.51569686482553 , 1000
875 , 959.5155755554732 , 69.5948101485795 , 1000
876 , 966.2175720154713 , 27.495187625764036 , 1000
877 , 966.6434362363384 , 34.12925199180311 , 1000
878 , 970.4814352595665 , 18.201266122843833 , 1000
879 , 614.1446361038178 , 83.92425718921577 , 652
880 , 959.5259690330943 , 50.192600809873774 , 1000
881 , 963.1123402440439 , 28.470118066495434 , 1000
882 , 964.7305470592842 , 44.19974701448469 , 1000
883 , 964.1939940567505 , 28.50610945343573 , 1000
884 , 971.6348338051743 , 27.845434193477672 , 1000
885 , 968.222798359741 , 19.593484131688125 , 1000
886 , 202.6808690051903 , 35.810237913485295 , 218
887 , 969.2092895692092 , 21.68854511457113 , 1000
888 , 320.8567846918304 , 36.912451422615796 , 342
889 , 963.1227009514066 , 31.47788520346272 , 1000
890 , 968.8368725892751 , 25.52205069697115 , 1000
891 , 962.5558381346992 , 42.14599058269455 , 1000
892 , 34.889497591933704 , 60.8739612816787 , 44
893 , 974.7446482282494 , 15.24936304890364 , 1000
894 , 954.4121638665981 , 47.15364366336669 , 1000
895 , 270.889941440777 , 31.06057987233764 , 282
896 , 967.4520624599337 , 25.644965391294235 , 1000
897 , 968.2922609312484 , 24.934714268928314 , 1000
898 , 968.7952015463718 , 51.40182479517523 , 1000
899 , 31.421232340358568 , 66.01513884490787 , 62
900 , 966.0021811638784 , 24.449669420230425 , 1000
901 , 960.1238226596621 , 39.495507656847735 , 1000
902 , 968.6134152677782 , 55.68225911553165 , 1000
903 , 965.5627247473908 , 21.77349638383821 , 1000
904 , 968.7697141734766 , 20.50576565645708 , 1000
905 , 971.5629266226344 , 19.227799666596166 , 1000
906 , 967.2561539965742 , 36.60093487263847 , 1000
907 , 964.7848255681555 , 25.383254658439387 , 1000
908 , 960.0323939017759 , 32.58086798976553 , 1000
909 , 962.9683921603554 , 25.479233427161283 , 1000
910 , 967.4447242587496 , 21.017839574136723 , 1000
911 , 970.0029215368463 , 18.43105555147764 , 1000
912 , 965.6512227845961 , 43.51685454987445 , 1000
913 , 967.7652557504972 , 24.643759813944136 , 1000
914 , 970.0175576908592 , 17.07473434449736 , 1000
915 , 971.5754114089336 , 17.772671827366747 , 1000
916 , 568.1980557523486 , 33.40893174580939 , 591
917 , 945.0762596687259 , 61.59149559037638 , 1000
918 , 960.7659430505117 , 44.20904171125473 , 1000
919 , 964.2583169361501 , 21.363931140798805 , 1000
920 , 962.7397199018852 , 50.961978927283006 , 1000
921 , 968.817701410581 , 22.495081013685184 , 1000
922 , 971.5650107705287 , 17.58644739292114 , 1000
923 , 963.2852172923368 , 26.89737528555017 , 1000
924 , 33.32295842809587 , 59.017712492990356 , 59
925 , 923.3764750602166 , 66.55762582030009 , 1000
926 , 959.5436259270825 , 84.99768576251115 , 1000
927 , 973.6882855323229 , 14.522807921978128 , 1000
928 , 961.5760627193215 , 43.65312959445679 , 1000
929 , 73.9313729590249 , 48.11684856743029 , 95
930 , 952.4030000690512 , 54.21894527367915 , 1000
931 , 968.4743970608004 , 18.997923240211037 , 1000
932 , 961.917833831518 , 53.150176402917936 , 1000
933 , 973.1731603628286 , 15.346197795119096 , 1000
934 , 967.2538471935053 , 20.51809938831723 , 1000
935 , 969.6034395174191 , 27.281145070224643 , 1000
936 , 969.2037228374828 , 33.837462067186685 , 1000
937 , 966.717113905203 , 63.03563722665625 , 1000
938 , 966.171196075431 , 21.115831526114988 , 1000
939 , 967.9149921122379 , 19.288377835468783 , 1000
940 , 787.3000119601943 , 36.281058138560816 , 816
941 , 512.2945861615926 , 95.52242020627912 , 544
942 , 970.7906819671676 , 19.11927572877875 , 1000
943 , 25.02646024082221 , 44.58550054023915 , 45
944 , 971.7141795125592 , 17.25889807221388 , 1000
945 , 23.228943112975962 , 48.64435489904624 , 44
946 , 962.2503549592559 , 91.00765144321065 , 1000
947 , 240.5183698162737 , 83.0726846678128 , 277
948 , 966.8812671489499 , 22.05962191659544 , 1000
949 , 350.62634150228564 , 30.738177833973225 , 364
950 , 966.5899778581297 , 23.27069942387729 , 1000
951 , 961.8677675978998 , 36.44344874295827 , 1000
952 , 945.8111069783063 , 60.3134557227025 , 1000
953 , 967.7674651683976 , 20.620296558491944 , 1000
954 , 968.0123988515088 , 31.46157781918571 , 1000
955 , 969.3823216314572 , 22.458078468165727 , 1000
956 , 971.3351938266946 , 16.372814157644225 , 1000
957 , 970.1603934896821 , 17.563974085166326 , 1000
958 , 962.2258234072957 , 36.740722552418106 , 1000
959 , 958.4787211580152 , 52.70367363592238 , 1000
960 , 967.4369609943067 , 22.92084926821731 , 1000
961 , 34.69351834799037 , 50.39490786051205 , 56
962 , 44.29675525694257 , 48.896229249597646 , 65
963 , 30.797703711272792 , 55.90662337962338 , 44
964 , 959.3507476907209 , 51.20829768414621 , 1000
965 , 961.7132703356752 , 54.861955579451745 , 1000
966 , 200.38857885028983 , 47.41761725010022 , 223
967 , 967.0984146005229 , 22.477591472087312 , 1000
968 , 959.1255696538432 , 37.732834797446564 , 1000
969 , 966.6651180635349 , 51.08786766418389 , 1000
970 , 969.8108673785189 , 22.05654287476952 , 1000
971 , 659.0616041443034 , 51.52636263079432 , 695
972 , 974.1178085115256 , 33.3308239143783 , 1000
973 , 325.4393620076011 , 38.946657692000464 , 348
974 , 954.4491541705773 , 53.980640381637954 , 1000
975 , 434.25571463570793 , 54.986502665879186 , 468
976 , 962.7468145664618 , 42.55146570407712 , 1000
977 , 961.641541173285 , 37.3790666527503 , 1000
978 , 40.92890743064638 , 55.07507866339997 , 61
979 , 970.2310310051425 , 19.819393054153988 , 1000
980 , 969.5260193054456 , 20.451587977328177 , 1000
981 , 966.5536496351335 , 23.976434877386296 , 1000
982 , 964.6410482410181 , 42.28894607612888 , 1000
983 , 243.34111554258504 , 38.891598574486814 , 261
984 , 970.7382615129217 , 17.98248253505042 , 1000
985 , 961.3987649932606 , 57.40670210679187 , 1000
986 , 25.18064158062483 , 54.6650878882659 , 43
987 , 966.9382207821084 , 23.055992237878005 , 1000
988 , 963.707675417099 , 39.59334977738696 , 1000
989 , 964.2076170541811 , 36.25836321915182 , 1000
990 , 968.3793970389061 , 20.279287676094345 , 1000
991 , 964.7154607623041 , 22.992660278884298 , 1000
992 , 971.0026538371638 , 17.748372423049002 , 1000
993 , 967.5681818452138 , 19.047076815859317 , 1000
994 , 34.63479087247218 , 55.15725257054102 , 44
995 , 965.0469713947058 , 44.774663148511536 , 1000
996 , 937.757004018176 , 90.98362763383827 , 1000
997 , 967.8694081855866 , 20.708543151445973 , 1000
998 , 36.761924586767314 , 45.513854770818966 , 45
999 , 969.5938958405625 , 18.849132393278435 , 1000
