Seed Value:- 61
1 , -147.61639522822563 , 0.8048960345675382
2 , -136.88721398634044 , 130.16976214793908
3 , -181.90805370340817 , 23.27587166705617
4 , -186.56844297524353 , 41.961982335741126
5 , -154.90541735434277 , 63.93579584432487
6 , -48.33991403209118 , 120.13001066302591
7 , -138.9977708892733 , 79.11135519474158
8 , -129.83756822320814 , 15.66186695087452
9 , -152.75370492794374 , 18.784476047431
10 , -131.80779543772672 , 16.206717292353762
11 , -162.70059039185037 , 77.2091536649826
12 , -130.9958676788827 , 62.203739927539736
13 , -177.70052816577967 , 40.43613337200582
14 , -173.48597618067225 , 36.69245950273891
15 , -169.85063056452407 , 23.099440197317072
16 , -173.54811403671278 , 27.74548766306895
17 , -141.54532309048543 , 114.30501180144735
18 , -164.53536209122524 , 16.13880001199738
19 , -160.78885730060196 , 52.2328890427312
20 , -173.47625148489578 , 46.15963499422441
21 , -137.09339663053873 , 92.24569634428944
22 , -179.984299270084 , 22.94687029586995
23 , -144.1977609381558 , 19.033869741043034
24 , -100.78700922367378 , 12.183315343207568
25 , -184.77247713619192 , 46.327043215868244
26 , -167.8989686115112 , 28.619334744092775
27 , -175.03579725995337 , 59.101522527654794
28 , -169.3513688457915 , 57.08333258626865
29 , -152.33566101958058 , 46.76947687211362
30 , -183.87309371710097 , 38.73957989837579
31 , -170.01162655737036 , 19.305679460558324
32 , -152.38440157986383 , 19.429383382064415
33 , -142.68142495615132 , 16.96596574229093
34 , -149.033676670475 , 19.014623104324045
35 , -129.43406707306997 , 16.169010977126845
36 , -134.85577471698195 , 3.0860426376512384
37 , -160.2526847879689 , 9.66659750460691
38 , -146.6428985596902 , 11.742730510279095
39 , -155.16702397097202 , 5.774416687722787
40 , -185.38612984117455 , 21.83373827897951
41 , -162.0477383972232 , 19.34598350193168
42 , -169.43791362167963 , 38.79731704601015
43 , -168.04891170000852 , 56.62581501347906
44 , -173.90531607424865 , 63.69950125179401
45 , -116.74882910112106 , 13.933632187346108
46 , -141.2228043510628 , 13.985516034813546
47 , -125.9580247360811 , 15.440148803671008
48 , -150.8553934353028 , 19.280233475914027
49 , -152.23310149962398 , 23.157090421302566
50 , -171.12050368296624 , 47.74282554875188
51 , -151.2696154120069 , 20.60055023182988
52 , -156.82696704769464 , 60.79948183691891
53 , -182.42348637430214 , 24.715817472652056
54 , -187.50394819105222 , 26.447073443023637
55 , -129.1406181504478 , 16.27671172360386
56 , -161.42359604344563 , 53.44417425313852
57 , -109.8929221373569 , 11.540860222588105
58 , -178.4404729223133 , 33.53681753941636
59 , -167.2301775999939 , 24.791299671568016
60 , -187.2824254659604 , 29.478658264585484
61 , -182.52479147381786 , 27.871365757057355
62 , -133.49066036884514 , 76.15162961477968
63 , -104.9997536848127 , 12.400475332429586
64 , -169.78151217986223 , 29.515003515902617
65 , -172.4863191012335 , 53.9039827983726
66 , -176.75335784217086 , 21.647644045571827
67 , -126.30067108852487 , 14.937802824504596
68 , -191.95155309992953 , 33.706793237977294
69 , -142.7744048868974 , 45.567045700335946
70 , -148.69211826492074 , 80.44308047165121
71 , -164.04732561953156 , 46.48141587656453
72 , -128.76227353873412 , 13.387370686035643
73 , -101.44645884868424 , 10.969931329342646
74 , -182.59253785986755 , 40.09754667164463
75 , -152.46505028540926 , 44.25826245344242
76 , -168.55410427702785 , 38.05991011638177
77 , -125.92809259524749 , 14.335425485855934
78 , -154.99413874868952 , 31.147368611200285
79 , -193.23240114992254 , 31.10840999291814
80 , -132.42866820283803 , 66.18818009448792
81 , -112.51057502196731 , 125.73363383752121
82 , -173.2273564653035 , 25.466928816074496
83 , -146.33575181079897 , 43.016813395354994
84 , -165.75671206655656 , 34.89477287774582
85 , -145.40064494075807 , 51.54687297908347
86 , -164.73946758768187 , 19.5924715645009
87 , -106.59856347741419 , 12.73728833353215
88 , -183.44569162987005 , 33.66772647422989
89 , -143.69096416665215 , 42.81825039189029
90 , -166.39604764962465 , 19.501347307459106
91 , -179.57037870660906 , 32.34764230131035
92 , -171.70140774765875 , 61.26650593520995
93 , -142.50128277912606 , 16.1165221636144
94 , -165.18241318142572 , 94.04853656302394
95 , -167.72469706176463 , 66.74021025391102
96 , -156.64844479162218 , 118.36948128017734
97 , -150.27740078266075 , 107.04523800164608
98 , -147.2605683870693 , 74.8931157255029
99 , -129.5105763803031 , 119.68182256575474
100 , -157.6560915536341 , 42.75543295146488
101 , -149.91096633070686 , 60.84996866436724
102 , -158.59147750431217 , 19.19023436891405
103 , -171.574456177554 , 22.01925654068177
104 , -136.08069084107814 , 14.929175536810295
105 , -179.18659080898638 , 29.169829487183385
106 , -175.70836339962636 , 64.28308162381063
107 , -132.90904198313876 , 82.73375021421106
108 , -185.06693587846655 , 26.547903580621444
109 , -126.20424615211208 , 16.240588500993447
110 , -178.97682295926447 , 31.144026744159934
111 , -153.41325606390126 , 19.241134761397017
112 , -145.11134326565283 , 17.50881927095202
113 , -181.77734110253016 , 24.773263673179375
114 , -147.9642840623498 , 38.2798064751142
115 , -141.67075137418675 , 50.61093404108068
116 , -183.78966713795703 , 53.68139411876504
117 , -178.51013341871214 , 29.50820618992143
118 , -164.6418196359956 , 36.295468454218394
119 , -166.7696034581399 , 24.080049819268783
120 , -124.50259134481674 , 86.44276406760952
121 , -158.75244112035472 , 36.02630231552492
122 , -142.91032591176122 , 15.000696425284602
123 , -162.34305767691296 , 46.270328213399445
124 , -175.0447273429664 , 4.843810593729818
125 , -152.50835806389156 , 3.273817259124064
126 , -120.61444556467464 , 14.946022320201193
127 , -146.96332356010387 , 13.238732789714158
128 , -127.01763734220808 , 7.1470940483997305
129 , -148.6554317385189 , 26.30441833141387
130 , -170.1512522653903 , 20.176514501054385
131 , -163.2011264164775 , 29.816690755035875
132 , -173.18007363568958 , 63.23663895805498
133 , -141.9619114663446 , 26.237914693802196
134 , -140.090471817101 , 35.793220425443174
135 , -158.57276509306269 , 30.51643107468895
136 , -85.6789888024852 , 135.55923011689418
137 , -22.2912390844928 , 127.53545081589469
138 , 4.6233246775685135 , 111.5052707281571
139 , -134.26413136206128 , 75.0124512603756
140 , 8.581572052093213 , 38.1522121039999
141 , -38.631128808995356 , 133.99559854175274
142 , -157.29370394898535 , 67.42133823961052
143 , -23.10616549388391 , 65.8008030519693
144 , 18.903707225336664 , 71.93053319050574
145 , -1.3025553289822775 , 63.0053443766757
146 , -61.50049109604077 , 54.03870576463055
147 , -129.6613459786017 , 62.104968682385696
148 , -150.62497385820802 , 100.13524403902409
149 , 35.26197556835076 , 61.31928114170673
150 , -158.95165290856858 , 77.5319079182842
151 , -164.21845618615004 , 34.48923842021468
152 , -156.89687520290548 , 39.975880008974315
153 , -164.61406335010423 , 41.70161317995232
154 , -168.10159836159386 , 29.95482494920519
155 , -6.72830489755398 , 40.07903189470329
156 , -158.55135676295407 , 32.81502864222547
157 , -150.23982894521737 , 21.27695725052353
158 , -6.6679844100837595 , 37.31624154865802
159 , -157.54315007258094 , 35.47152506119301
160 , -148.9122646519204 , 60.99531124609965
161 , -33.57770427609102 , 58.155223365966265
162 , -58.79261326029545 , 62.58266657691944
163 , -17.278562140541467 , 56.14188804185557
164 , -4.03164795883205 , 50.67708021696575
165 , -2.733790870522584 , 44.01528845049116
166 , 9.564229666091085 , 45.43994107120166
167 , -10.524764698170245 , 30.21748678674184
168 , -4.727620328595293 , 48.32618311674229
169 , 21.88025716265027 , 39.2834420432013
170 , 22.499058489303753 , 55.63996242335482
171 , -23.821826603834065 , 41.85134915352431
172 , 8.524952810937366 , 37.27771691109701
173 , 4.637208124607728 , 40.02990372540752
174 , 2.5917094042077196 , 37.55682936058243
175 , 4.913476975237566 , 50.67479198768151
176 , 16.06297504943239 , 33.50917255643723
177 , 20.033762036426843 , 42.82090314964873
178 , -1.7714061170208462 , 43.05982898438781
179 , -2.876010836320162 , 29.863178548400825
180 , 21.575703344917628 , 40.533659329591856
181 , 4.6546448489027075 , 41.41871643344214
182 , 28.167203715793335 , 49.03326134386693
183 , -11.884756361056283 , 37.417102399387325
184 , 0.180486484003029 , 48.10354006546732
185 , 9.337151543938079 , 41.71429766963186
186 , -2.7488096246084233 , 47.383508649623806
187 , -5.912382600333273 , 40.32075626283612
188 , -26.64774369743148 , 44.69100524356968
189 , 17.868978294820245 , 88.56318813588835
190 , 34.40521019107132 , 58.68827191168317
191 , 14.471633424505917 , 63.74437465171381
192 , 6.976856255733493 , 65.1780207001305
193 , 41.908095634023226 , 59.38210310250765
194 , 2.1600648152411117 , 58.780060700334595
195 , 2.318517973425844 , 62.74526140566482
196 , -9.948352678171691 , 43.73314664485514
197 , -9.076586932831544 , 37.98846775138317
198 , -7.1712328593133705 , 46.27634764778498
199 , -17.365011836356754 , 39.38190901545789
200 , 2.719325769701703 , 33.995813037172134
201 , -4.940981179670176 , 46.933436510474614
202 , 22.820371549199148 , 43.68024989795236
203 , 26.88460311057676 , 40.755274379886295
204 , 16.8537344506786 , 38.49773927512103
205 , -4.739937550810734 , 44.54812589639033
206 , -0.8272584914740383 , 65.30828107479309
207 , -3.2581696991963316 , 54.95580111969671
208 , 5.025897345495853 , 69.79680922536929
209 , 19.00722749428203 , 36.24252253875566
210 , 0.9151018176251845 , 45.30221399986429
211 , 17.643719557167337 , 81.81332647563944
212 , -5.622058942727833 , 61.00204655142271
213 , 7.634456526646612 , 55.907583741035346
214 , -3.684356319469353 , 52.95181256687179
215 , 4.261507501841707 , 53.200086784801584
216 , 27.918743332301005 , 40.274634805083814
217 , -0.3035964760313631 , 59.8188992952534
218 , -6.392107130613071 , 50.820181684661584
219 , -6.354133558166879 , 51.10725212382804
220 , 3.078315884410848 , 42.394873757851045
221 , 1.94817411215087 , 44.99159706027169
222 , -4.313459271015967 , 43.58992948530699
223 , -11.089195991962901 , 51.910215478404226
224 , -6.009164320562598 , 56.082451504176774
225 , -5.7406585091335804 , 59.01431046580871
226 , -7.048828625960865 , 56.63406001957029
227 , -6.391336094910025 , 52.03480945773852
228 , -14.81397462570287 , 45.77446867500799
229 , -11.871734232867617 , 40.2216497112686
230 , 22.580397679446257 , 45.658058630898495
231 , -6.273154189325646 , 48.96897158540017
232 , -10.921919892380357 , 65.59054063006701
233 , 24.87593142435982 , 43.95166217428074
234 , 0.82813610462354 , 51.95913699195395
235 , -16.717835753849936 , 52.09429904836768
236 , 5.067420019997026 , 69.15500057981568
237 , -15.907430062427325 , 54.435253313570605
238 , -12.407974000354766 , 48.16902332978516
239 , -9.37264365174194 , 48.595128963770826
240 , -12.565266063848759 , 42.44163905725608
241 , -12.187983550718725 , 60.965713317956116
242 , 32.32678654846635 , 36.84794365703443
243 , -11.478384686324008 , 64.77640304424506
244 , 11.711849061261393 , 55.3906120333487
245 , -1.3865807361225655 , 56.96407878759003
246 , 4.211011918591389 , 50.07439160667457
247 , -15.027521192380705 , 57.368059151654556
248 , 34.11246382564796 , 43.986743317480666
249 , -18.804100810217232 , 70.92064736459807
250 , -13.48179413720513 , 59.950673917809134
251 , -13.276399026877945 , 60.888849347721084
252 , -16.19973121802144 , 63.87678231050132
253 , -1.3412017938745984 , 54.17357637720906
254 , -11.945390629568967 , 75.10989359401853
255 , -0.9820482317446961 , 50.09349740689517
256 , -7.86247423499404 , 63.50240170949993
257 , -4.017335731431174 , 82.12591464588635
258 , 30.93787510168944 , 51.65086328822199
259 , -14.849647487802288 , 57.3367587916061
260 , -2.1952654641857645 , 65.92471945550832
261 , -9.858882999632097 , 75.65500881504518
262 , -13.152116195225796 , 59.92243573856718
263 , -15.769950710535692 , 71.3530219846854
264 , -14.334219106671755 , 67.81507239575743
265 , 8.878301366612412 , 101.11333496962044
266 , -15.916985130042791 , 84.82706751638466
267 , -0.11722028058788518 , 77.20111511741244
268 , 22.67794326184721 , 60.83326757940364
269 , -14.954537180438114 , 59.879315080597976
270 , 37.4210182314944 , 46.04362627803526
271 , 13.152253833547435 , 72.84955753645258
272 , 1.157487776132661 , 123.57732118110185
273 , 5.3401816598633784 , 52.92051405738221
274 , -16.079853459745998 , 76.9975751845501
275 , -14.515314358397783 , 63.01630095487206
276 , 26.48110193939073 , 42.51305861366634
277 , -14.084307130332656 , 87.80630228971164
278 , -6.604718609871961 , 67.96663315236678
279 , -12.180916920883526 , 119.03806587334475
280 , -9.020353391431533 , 58.833979147550515
281 , -4.44987006016356 , 62.5998504607132
282 , -17.659521809804705 , 90.71696715735784
283 , -2.0038683774475756 , 58.94869926717197
284 , 14.82932154034459 , 47.964994199914074
285 , 15.369620439234474 , 71.32457124945304
286 , -15.000105484706758 , 71.05785827220846
287 , -13.4437375042215 , 58.099898572836395
288 , -15.803199428751025 , 88.6653219221372
289 , 37.26765091057588 , 61.90926053340886
290 , -13.573758948005766 , 82.06879105919879
291 , 40.93684297358072 , 68.99271395151526
292 , -20.979911039585062 , 75.68530475160358
293 , 4.916991294687731 , 59.25362252059987
294 , -11.06548670723483 , 69.59067079101686
295 , 29.554948310107022 , 49.15779548982791
296 , -16.127882257943288 , 72.46960195292591
297 , 29.095884992983002 , 49.041631630533466
298 , 9.512698583784708 , 76.12373437619627
299 , 35.6503339544571 , 58.086117635572734
300 , -7.244220726261125 , 54.524140131426535
301 , -11.581457494175487 , 82.91471133291029
302 , -9.362574975243444 , 85.22481639683733
303 , 11.185521143713277 , 60.29467021485704
304 , -11.4826604157511 , 75.72943461661306
305 , 7.140342086686378 , 60.22077580173823
306 , -7.976459029583423 , 64.82580223357137
307 , 27.530518258180543 , 47.047851249834764
308 , -10.246181401808425 , 61.47226061837588
309 , -11.909677044201981 , 79.2747653405187
310 , -4.355530871743956 , 68.3468831982618
311 , -0.5968284932176827 , 56.01202701811809
312 , -2.7196376945462926 , 64.2827226174708
313 , 3.929212755137522 , 58.61080987790042
314 , 3.8919866544543407 , 69.57610484422226
315 , -8.806222109427457 , 64.87951533809797
316 , 12.292143735849171 , 70.55592549330696
317 , -3.9331357504056514 , 78.8551914703557
318 , -5.5993208502140375 , 69.13404710587223
319 , 24.265357952329843 , 51.581924415856456
320 , 4.483404386053182 , 64.82247069150574
321 , -5.210207889049989 , 58.51658021479602
322 , 26.774827350189007 , 45.423092811758984
323 , -10.120170729823077 , 58.659147913343304
324 , -7.693803378366745 , 61.3734073518067
325 , 35.19597333813376 , 48.191415485467736
326 , 32.58274961925838 , 66.21160253067968
327 , 2.5757425648272254 , 64.23867495666128
328 , 9.61874026363225 , 87.98002306471847
329 , 28.36243844021088 , 54.69529580402367
330 , -0.7319106106303526 , 63.885888935476174
331 , 35.54006421259263 , 66.32533943587298
332 , 37.351501750149474 , 53.3644981042409
333 , 25.19561211393632 , 42.16384397990952
334 , 39.455885735721246 , 75.33666484399797
335 , -1.196364386236696 , 59.50112600971042
336 , -6.246653620639696 , 54.13827118873853
337 , -3.1719110434573587 , 52.03571853435303
338 , 25.816140133227243 , 49.52999639548307
339 , -7.576079714550475 , 63.614933675886256
340 , 23.490883122441197 , 57.10863824947392
341 , -7.208048744242088 , 45.25502699356982
342 , 17.695774114417326 , 43.9156396576067
343 , 21.365328783970558 , 41.588422297832416
344 , 19.475858355632468 , 53.95069356582234
345 , 8.224862886965369 , 34.52385315310967
346 , 22.819038746057934 , 65.21751038012053
347 , 1.0806742109642324 , 34.18000800122094
348 , 22.16576675829754 , 66.64326232348408
349 , 26.543488704585794 , 56.28201002284903
350 , 23.50375027617084 , 53.37479044993912
351 , 18.701666408871898 , 42.526559068520896
352 , 21.39148117848826 , 50.187124920153835
353 , 8.434604764081458 , 41.331003160572095
354 , -9.456770697878486 , 46.86020638740879
355 , -0.012866034110196711 , 33.761577861717555
356 , 19.125898139414577 , 59.031351323258754
357 , 7.237591011786466 , 38.920604065418495
358 , -4.419038385213773 , 60.50117928271615
359 , -3.2269473912048263 , 74.8237184447123
360 , 2.8062246484676896 , 46.6316961246696
361 , -6.591558840350293 , 59.85340136985685
362 , 12.65437437302595 , 42.02929769097979
363 , 2.30571094759682 , 44.144486770862
364 , -4.266407361904496 , 63.47395351140807
365 , -0.7354443136919264 , 49.967416247867654
366 , 32.797515461648345 , 69.45414976656434
367 , 17.882918548906417 , 47.00705126917858
368 , -0.17748904111338581 , 72.02129940804247
369 , -4.009359897052885 , 67.94238579210277
370 , 1.3271697302496945 , 65.24437300983492
371 , 27.353314423839613 , 50.93113454110237
372 , 13.287330216805474 , 46.38958990575637
373 , 28.662814180889896 , 52.76030319125651
374 , 26.78499492622388 , 48.257138801570115
375 , 15.0933256510401 , 83.0173225648709
376 , -1.1830756933403752 , 52.90580189240107
377 , -4.033687835423945 , 50.78067751417584
378 , 33.7215019711213 , 59.95755769355717
379 , 5.497056036611101 , 59.82135819870147
380 , -3.7792536491411703 , 57.28205158506542
381 , 4.265220023216593 , 41.110784010762515
382 , 10.762602225722848 , 46.92090897853883
383 , 16.875623504143842 , 90.84706280638953
384 , 15.498682498721363 , 92.49849597302152
385 , 6.83701548704 , 56.1980012378373
386 , 36.14752997903689 , 86.93335103252844
387 , 12.98656602928397 , 50.80279043961361
388 , 14.878054550675595 , 45.03998124315146
389 , -5.297546424385078 , 52.838241962617566
390 , -4.377064727730698 , 54.91681585848401
391 , -5.431615444002508 , 72.94073895698398
392 , 34.588576576530336 , 63.531451132248854
393 , 35.57825827750209 , 55.073932279199845
394 , 22.431392727354552 , 79.1208772684426
395 , -3.0274991794818193 , 63.24048034917149
396 , 12.157547759161101 , 79.59857130577655
397 , 8.697517394198863 , 51.5988299867554
398 , 0.16993945171595215 , 43.815672426040244
399 , 0.5876531454362767 , 63.832766719443036
400 , 16.22580807833124 , 93.31112602998223
401 , 16.893867259522835 , 88.61979818578922
402 , 14.417615443700493 , 56.85962966537196
403 , -1.669975979569028 , 54.782545458902185
404 , -7.4863081925864075 , 57.87799952758597
405 , -4.373628358387387 , 59.829944326504084
406 , 31.74669307571139 , 71.2727881955642
407 , -3.637307588241167 , 62.52323593660647
408 , 1.3815866683722262 , 78.22555605799012
409 , 5.950487041763129 , 60.0069099151889
410 , 15.472075357322138 , 89.99485014045716
411 , -1.1313768702975728 , 65.46339871746588
412 , -1.8913977750511461 , 59.001488796201386
413 , 16.676080932652223 , 85.18525666698184
414 , 6.229096814784812 , 45.81191143883557
415 , 12.726256691959328 , 100.91174153388741
416 , -2.4499610080691023 , 64.03065585261513
417 , -2.8021265386777334 , 55.14409085954008
418 , -3.364586483239684 , 57.84430005708739
419 , 2.634767988317685 , 53.22276144471183
420 , 10.261542945329712 , 46.77278362319861
421 , 11.11645174697868 , 37.328291714417865
422 , -4.610087095743177 , 61.52776424852371
423 , 27.013860548484438 , 48.18941003267083
424 , 11.426662822998422 , 50.80503892810386
425 , -4.180639860933617 , 47.12872673814818
426 , 18.605923380336336 , 80.01538368848007
427 , 13.226681398777915 , 88.14276126529154
428 , -7.683151663315367 , 56.851606799977816
429 , 28.53639493039961 , 72.32463627111584
430 , 2.4846031035064406 , 45.013725204096204
431 , -4.8325465052497005 , 47.01899679851731
432 , -1.8268309996116747 , 38.189955751474876
433 , 11.514832889376933 , 85.69961680517522
434 , -2.8264010839873195 , 50.15806537708447
435 , 36.872892882917924 , 67.94496601652023
436 , 27.831416444524468 , 56.20598954652883
437 , 12.243656377947131 , 33.68156267441676
438 , 11.010752341501009 , 50.69932598715657
439 , -2.4890862938064755 , 45.84062787154984
440 , 1.4225108933111366 , 54.74021003324742
441 , -1.9083721092441719 , 66.43042901521176
442 , 13.225603488480917 , 81.84192177397749
443 , -4.635041064603347 , 42.9205463486627
444 , 6.028346295775389 , 43.248784948853206
445 , 32.89003159632366 , 69.2379766212891
446 , 8.91348431254827 , 47.532624956716475
447 , -14.226043043733043 , 46.97952430532526
448 , 31.621586003076242 , 73.63859521085168
449 , -5.532864180749755 , 59.99896754668151
450 , 27.778001614792988 , 70.87629411430062
451 , 18.112136298610068 , 83.99837011131935
452 , 35.807835936147015 , 68.92328547853933
453 , -6.7544233664820545 , 39.57359818458401
454 , 5.318987190008037 , 43.21799946068668
455 , -7.923106183827417 , 55.95991855104241
456 , 20.5676631272656 , 67.64165977084446
457 , -7.774563200450666 , 59.843304919914104
458 , -1.1725371251041035 , 51.94275912437574
459 , -4.555122673982089 , 51.10687681118793
460 , -7.744121551645467 , 42.562048846178854
461 , 20.564206178212356 , 69.8784784566304
462 , 26.051958356731866 , 64.17101189258172
463 , -1.2279305810665608 , 53.53620955322217
464 , 23.533114068434365 , 56.3255265370549
465 , -1.0127220225406008 , 69.8927098489914
466 , 34.72789377957176 , 82.94866821479633
467 , 0.28393233819980107 , 80.60704964299889
468 , -4.061052496584143 , 55.99002706434383
469 , 6.126823946692028 , 50.89382882641975
470 , 5.181725480897672 , 43.93141492584868
471 , 26.907761571066143 , 52.85152140815874
472 , 4.373935105871331 , 59.46451961650638
473 , 15.554536991595018 , 77.87260105888312
474 , -0.671225563424037 , 67.37807062204294
475 , -3.8580121410245467 , 48.44255376608763
476 , -2.4503589132437282 , 38.2297362847168
477 , 38.343228182755205 , 75.18725973117712
478 , -5.231767937439422 , 66.67356283519564
479 , 26.787075797181735 , 68.18011944606225
480 , -6.209741141723812 , 59.098514887979555
481 , 36.45052766338152 , 96.7031025927109
482 , -3.612764403198958 , 40.311676939610614
483 , -2.8986504511465627 , 50.68335779602009
484 , 25.13120517122569 , 82.4750794393668
485 , -6.801580072540835 , 69.21711771760397
486 , -10.337412379747636 , 64.49813235897815
487 , 35.76485495881307 , 87.55957494589705
488 , 9.032221326071822 , 47.70786972256595
489 , 28.10556929902306 , 87.54132487455415
490 , 21.9444872829026 , 91.67104317460503
491 , 32.90455189918762 , 82.87200895673739
492 , -1.7213374760660847 , 68.22059074206716
493 , -1.2652449107536838 , 63.6190667970816
494 , -0.3009843633442231 , 71.47982873397493
495 , 20.614007989447334 , 51.188169011655084
496 , 0.13744845224667893 , 66.343912074474
497 , 18.279205939424017 , 43.33590564142238
498 , -3.5422455167372244 , 52.66654605759038
499 , -4.646581499165586 , 57.91520062357015
500 , 28.30645270568412 , 66.276474598297
501 , 1.8171116902181812 , 52.002164608761866
502 , 29.218499450965048 , 58.896778081163326
503 , 0.03648478515255066 , 46.1100206162313
504 , 14.069733792818862 , 52.46268010323252
505 , 1.3166363052119883 , 48.897559754046746
506 , 18.15239070092694 , 60.12250968013814
507 , -3.526466152633894 , 58.968270552057724
508 , 15.888445753942273 , 98.82386992753237
509 , -1.50334245432982 , 45.704715091646385
510 , 23.714346653649645 , 92.9630951251802
511 , 21.187793396978243 , 97.36511329817543
512 , 3.8249413961209533 , 64.48207911025357
513 , -3.4801057946404597 , 59.23926553639306
514 , 20.538835670336617 , 97.7499119341303
515 , 14.314499164358738 , 55.18118982810172
516 , -3.6566804037830756 , 53.710508405394904
517 , 31.608953498293488 , 77.30008934731231
518 , 19.23086890036566 , 88.96260281289423
519 , -3.667006478509288 , 55.27561102148106
520 , 38.582999991841355 , 67.44791416143418
521 , -4.402986750194589 , 72.31895042772682
522 , 20.917718645560722 , 54.670440571304795
523 , 21.57343455478887 , 93.50618298585607
524 , 33.35736552073266 , 68.46492876091877
525 , 16.00389726159352 , 52.546442860999946
526 , -0.980888341182028 , 50.426964353577716
527 , 14.847807731735827 , 94.1234288503354
528 , 22.409004468574967 , 54.63956335639172
529 , 4.667104337802553 , 58.57849845287398
530 , -4.010118740752631 , 48.686829023402574
531 , -3.5211582511773236 , 58.706557071903305
532 , -0.7868755574534773 , 45.86878350461429
533 , 24.49849710733302 , 83.11272981820083
534 , -2.762710885844365 , 59.59744767591918
535 , -5.253137002591443 , 50.533069315107184
536 , 26.11481218445837 , 53.849651542759645
537 , 0.22524800572154724 , 56.60677856359641
538 , 21.707789065613156 , 53.3155280877554
539 , 2.331985820870176 , 79.26473020880071
540 , -5.0220759777852155 , 49.12090756333234
541 , -4.445621871358224 , 64.86405287804988
542 , 34.28813440014853 , 59.82507869851163
543 , 26.133263948563613 , 65.8818041094601
544 , 27.053286001085297 , 61.83993706155769
545 , 20.89937939104667 , 52.75641908066486
546 , 14.213364221000843 , 70.30728498375848
547 , 0.8943325197172644 , 65.43788437882252
548 , 24.39723823258694 , 94.39184269127217
549 , 27.302033772145126 , 69.81327274168665
550 , -4.58238962061708 , 49.84474272929088
551 , 3.8604675455243664 , 53.29924023690554
552 , 32.7427356994131 , 77.72422926344038
553 , 0.6976350123921812 , 74.57770399040551
554 , 24.95791008427664 , 63.00148072946979
555 , -3.8251761792554757 , 63.689505819289636
556 , 10.641767658563065 , 52.3607342006894
557 , 8.592944148565925 , 77.2248548209561
558 , -6.241676668381327 , 49.94683690752534
559 , 15.476192990445147 , 86.32469627321296
560 , -4.092025448979152 , 60.78922934220583
561 , 25.110831031160206 , 61.849703915710734
562 , 22.279437531516866 , 39.28904403108373
563 , -5.438131103968336 , 59.2333940531118
564 , 13.9153406327407 , 61.29335316241139
565 , -5.484221808514074 , 59.248745648292
566 , -2.613446942595077 , 50.05595118013898
567 , 6.566118400473043 , 56.28183750181411
568 , 4.217174514917164 , 83.44589565386643
569 , 36.22982833026837 , 71.47511871552453
570 , 26.73373116976512 , 83.96447538777421
571 , 19.16494601482778 , 77.03043641786755
572 , -195.84264557224733 , 89.65549105495366
573 , 5.3613733524015625 , 47.950942593993595
574 , 24.55697132159701 , 75.19868556371112
575 , -5.1514125738775 , 48.07673268186481
576 , -5.4934967556911385 , 53.670472184017044
577 , 26.003110180608275 , 53.42680045267394
578 , 32.004169721416936 , 75.09384278680393
579 , 38.36040510106719 , 88.09538580639533
580 , 19.8909077506008 , 79.42490513934777
581 , 18.583794391816387 , 52.11708395974141
582 , -2.430901073398414 , 64.33762268428953
583 , 30.818178209381983 , 73.5329963843878
584 , 20.495265295874106 , 67.00921359231697
585 , -1.533307522910306 , 56.0871165338145
586 , 4.44892514751929 , 61.81063042441675
587 , 38.94944699465744 , 116.49482395416759
588 , 1.666182424530653 , 54.07714867876558
589 , -2.8841316781226447 , 52.64652725971469
590 , 9.191130196765506 , 64.46344545591809
591 , 12.457264622210875 , 45.13208189339635
592 , 28.726683866884127 , 64.83741792953394
593 , 19.782345182903196 , 73.20258212763893
594 , -6.007919670285712 , 82.48000965892082
595 , 33.186204295797594 , 49.125275437229355
596 , 10.99479422987008 , 50.27523241805157
597 , -2.232881974409049 , 87.77802371830639
598 , 5.162400761071717 , 83.56351478744533
599 , 34.49270552534698 , 82.53380953655177
600 , 38.20175701544581 , 102.43088580050485
601 , 32.129720972775054 , 53.790658627366454
602 , -6.004219911154059 , 58.33681808719276
603 , -0.6138291028842683 , 84.51105721331531
604 , 9.017898831417519 , 42.46004111301896
605 , 25.814355669149666 , 64.74669672883017
606 , -5.811123603254675 , 71.7745724321846
607 , 29.823443257362452 , 56.661081406403
608 , 15.04289786146582 , 80.98478941930694
609 , 38.334534010530255 , 69.41466627635195
610 , 19.949965265678582 , 77.9911677379809
611 , 29.012358470837814 , 80.77874755267288
612 , -3.482651280599269 , 93.70868878426506
613 , 14.037378534029223 , 66.9494624086608
614 , 27.52517453255605 , 48.21861945059146
615 , -3.2065038068849003 , 53.42517910976676
616 , -0.5719702347734568 , 68.61591204327281
617 , -5.4465015409522834 , 62.405796398257365
618 , 14.716572137187459 , 81.45114240437977
619 , 1.4540592489344288 , 97.23483013803755
620 , 10.671256809741424 , 52.79111767014775
621 , 36.51411262819377 , 63.00580385586338
622 , 20.159088325394965 , 51.89450242680391
623 , 28.66349173144407 , 71.07695745085032
624 , 30.624377913745718 , 73.51491753856668
625 , 2.326946334476975 , 43.87198686764062
626 , 13.16201604113267 , 81.89990148414672
627 , 34.32941026124787 , 95.24686130128727
628 , 3.7845466254703757 , 77.00784196788993
629 , 19.552530795505586 , 79.01306824717317
630 , 19.216870040130072 , 70.79113539143171
631 , 17.175493556169624 , 60.502961135185465
632 , 38.62941582350063 , 67.39953445970872
633 , 32.479604209433816 , 87.91861608457926
634 , 32.697386688104764 , 97.02709942560757
635 , 16.604386678174833 , 52.856115432691766
636 , 20.951632094633585 , 83.66773408476877
637 , 36.98972424372946 , 58.385032930484364
638 , 8.490782762507639 , 53.29243745973227
639 , -4.785646010684379 , 56.36070439654158
640 , -2.9172772219735053 , 60.24113136510886
641 , 38.62872279070901 , 63.00588852614018
642 , 35.62170212435191 , 65.91495734177354
643 , -4.186881900215149 , 66.21903673870123
644 , 18.672386870274895 , 74.68205275275571
645 , 28.44564532371999 , 57.506274739583915
646 , 0.4241157967489002 , 59.59862820492385
647 , -2.947408807425456 , 62.87324654349603
648 , 39.19081267537466 , 75.23762695233408
649 , 33.392071473626274 , 87.8079965308239
650 , 0.6826426732015412 , 58.632103063766415
651 , -2.069540814788424 , 53.289209879757294
652 , 30.006517457515965 , 64.71118313460707
653 , 28.012770733110667 , 77.70009589835867
654 , -4.003356190610378 , 85.97169683262369
655 , 22.57407790604604 , 82.81702302882368
656 , 15.221607030499076 , 66.38432272708152
657 , -0.7943441171380697 , 108.57616324547067
658 , 8.9152000098602 , 55.37829570865328
659 , -3.964589334891244 , 79.01231296806823
660 , -3.903088161439743 , 72.50818891388612
661 , -5.934537600504823 , 75.1248307976799
662 , 13.112592662242125 , 51.69946340925494
663 , 20.10690251623669 , 77.05536937964746
664 , 34.29787929893751 , 60.10006580190864
665 , 4.219837040427113 , 106.57068523754373
666 , 15.490468786903973 , 59.72216128098883
667 , 36.59893316208268 , 63.01449708936291
668 , -2.790951547949116 , 87.59047598693338
669 , -0.7230427666391989 , 63.04002083645544
670 , -9.73055738136731 , 85.2685623388844
671 , -5.787181730065109 , 84.57992703782635
672 , 20.082251544078662 , 72.59606348447103
673 , 16.752425668166726 , 68.38074472310329
674 , 34.729544127298446 , 74.56373236405227
675 , 12.866716316507052 , 69.20437996811884
676 , -2.2341586695890876 , 66.50182250469614
677 , 0.02511880975347132 , 120.56500014451467
678 , 25.27175662263193 , 79.91584889661289
679 , -6.737534130688305 , 88.78933393349794
680 , -3.7821126710247763 , 92.72163253304551
681 , 3.6349991625892755 , 87.42845426362143
682 , 23.748466757695223 , 69.04124825532034
683 , -7.456405269636632 , 73.20730192059203
684 , -5.997690248883544 , 54.91251191494025
685 , -7.469814682689106 , 82.12800097230006
686 , -7.387404870276597 , 77.45627664422757
687 , -4.908329928180113 , 94.5155961152971
688 , 31.238691814404657 , 59.58716113860603
689 , -4.961611187258695 , 58.71018136805428
690 , 29.813973245446178 , 87.6818137481885
691 , 35.74577606225953 , 92.34566681874917
692 , -6.032138791414069 , 86.91600798996895
693 , 12.569953966666642 , 58.741686039059815
694 , -4.922281869444785 , 79.37744260626552
695 , -5.446997301221858 , 80.1775263529159
696 , -5.1658792333107435 , 72.74297634441164
697 , 29.89430484869303 , 55.88367414636945
698 , -3.0711716453443123 , 61.539754716003806
699 , 16.861143042923647 , 62.21156227659986
700 , -1.7432534851673858 , 64.79471126122861
701 , -2.5650189795843827 , 72.7600030632865
702 , 21.207509863473994 , 67.25110674418819
703 , -6.061847024558653 , 73.41326382968641
704 , 7.062774354624037 , 76.49658417014332
705 , 28.87484018634489 , 72.86246700490427
706 , 16.356298990126014 , 74.74976768059038
707 , -4.503654026667835 , 65.23565202410498
708 , -4.509203913331702 , 70.06070721067898
709 , 3.95879798482582 , 59.90431386393946
710 , 10.09044830984257 , 72.64305680178626
711 , -8.1274642747229 , 101.96676755976296
712 , 12.726346536475953 , 59.86896617098572
713 , 0.27294612676068036 , 97.48842279766994
714 , 38.03578236589114 , 76.7383402638321
715 , 8.441808415043152 , 65.8686303221458
716 , 0.06837287163278694 , 63.01797969364304
717 , -2.6518239571383835 , 105.81885332883262
718 , -8.418127335145474 , 72.20170906303771
719 , -4.983605512968594 , 93.80866098412785
720 , 29.16876526444537 , 65.53391605360756
721 , -6.831179266237208 , 56.1242227003279
722 , 31.293567510008607 , 56.25789136622155
723 , 1.2683770836064516 , 70.20849879155863
724 , 9.792250143008696 , 72.17319675048029
725 , 14.122421682210677 , 54.89525141499921
726 , 8.631145297243997 , 65.61690365749762
727 , 26.993832208361624 , 74.13838699671462
728 , -4.303657454742052 , 67.10469999388509
729 , -4.62009200756193 , 68.49355919974255
730 , 0.06109846110840445 , 63.36007541343515
731 , 2.361743285805418 , 66.29804931727111
732 , -1.4680320258776514 , 76.20479991528482
733 , 29.737195351403955 , 59.05127543243373
734 , 15.62985669385743 , 63.35771418892746
735 , 29.94199431026855 , 77.2047479582646
736 , 42.51348381370327 , 50.75468207321605
737 , 23.810118792828657 , 68.24605413079334
738 , 4.942391692113667 , 57.378586010594276
739 , 28.420920502349972 , 63.54408442702789
740 , 39.38480777677323 , 76.49017591257383
741 , -0.35226135419727733 , 84.27186312530628
742 , -4.325317947489173 , 55.195972837861554
743 , 40.54642999147058 , 57.69889902300885
744 , -3.9022702565753953 , 58.593667943944304
745 , -4.050165958754541 , 71.42817050383861
746 , 35.81478274892073 , 63.436109426875454
747 , -4.179634287170588 , 52.75364917586328
748 , -1.2063398246395893 , 64.38744985931255
749 , 0.02148879137209409 , 82.48119506459575
750 , -3.2493911466541268 , 74.9525712769975
751 , 23.41537220223238 , 60.30663708742863
752 , 18.69965281712257 , 55.55441450825994
753 , 11.235292546032944 , 70.07305889290531
754 , -2.902633202956261 , 67.27711286236406
755 , 4.208100538584523 , 62.54803367112503
756 , -2.8361314179876502 , 65.55450578369843
757 , -3.1392224647112252 , 52.25798431085733
758 , 13.597773933465552 , 60.05391464337387
759 , 0.7745518547699123 , 95.55849470720442
760 , -2.2987357159565387 , 56.66289183739272
761 , 4.288115327701282 , 57.70393841268387
762 , -4.1718396646006575 , 60.71435097374333
763 , 38.117267981779754 , 99.90738886744685
764 , -0.6065087427461572 , 55.22788871009154
765 , 14.888703499829173 , 57.39208795820109
766 , 30.625753019002882 , 42.34135729613711
767 , -0.5227482940479131 , 79.12969445389002
768 , -4.561751026263191 , 71.69129130284847
769 , -2.0482225572132022 , 69.0670977926815
770 , 39.45531756073707 , 57.95497547112237
771 , 14.607453975333549 , 58.27953113837482
772 , -4.803226397718502 , 63.68243282700487
773 , 33.20630508057145 , 52.39271357327487
774 , 31.704340434614974 , 53.62172832439431
775 , 5.240842471291777 , 65.510750388324
776 , 12.981801575481242 , 59.00622690573209
777 , 30.678659915549336 , 57.81936861545732
778 , 11.79242741907909 , 60.33072786961358
779 , 5.415478882839057 , 60.9086761314351
780 , 37.56737349102589 , 86.00004988139375
781 , 32.5408870817383 , 68.77517005368834
782 , 14.69527480873706 , 60.26926695806934
783 , 0.15614192074107558 , 77.67479987713932
784 , 29.71004505903056 , 61.49838583100446
785 , -2.82796830482323 , 55.307795279041166
786 , 3.336527620304676 , 70.86613006977836
787 , -1.8404001681879405 , 65.4879149454879
788 , 24.370530685042517 , 52.30707130012745
789 , -3.0061633189907773 , 65.8886145886549
790 , -2.8223860418863365 , 79.79223961970536
791 , 19.00968005064895 , 48.07330440242734
792 , 29.43526789032449 , 79.03713308401983
793 , 10.348502930011378 , 85.8039566135399
794 , -2.1627198637566876 , 59.16130352616359
795 , 15.030447969308135 , 54.769974335223544
796 , 10.930519704887937 , 54.92139215515008
797 , 10.24567168962258 , 67.83821745648797
798 , -0.5302722911898571 , 77.54642462185406
799 , 20.785233675686424 , 83.18823314012315
800 , 17.739963510028392 , 91.93383061402763
801 , 0.7362820032782957 , 87.58375282082449
802 , 2.132521874289543 , 86.79741354879833
803 , 9.444076793852062 , 49.91807749580976
804 , 13.184439033583075 , 51.46391300248821
805 , 10.038796233467155 , 50.04560808285255
806 , 1.852511628867908 , 79.09172411478569
807 , 30.656489728484786 , 43.12432067184085
808 , -3.5944365833845184 , 69.75533044566387
809 , 11.620776042317486 , 46.37422346424135
810 , 15.505699613385653 , 47.95426931470318
811 , 32.24175548405136 , 83.08006703621105
812 , 14.184169662049113 , 53.1490495714994
813 , 39.26451465262774 , 51.51185298217779
814 , 13.836972722215169 , 74.84911771620615
815 , 19.560835107669135 , 45.54047271017776
816 , 36.171335143294364 , 53.51192922871334
817 , 34.37073668946924 , 103.18077109910081
818 , 4.138204338306886 , 65.86917978640909
819 , 8.009627864945266 , 73.16936618706778
820 , 21.142233048372145 , 55.90657833034122
821 , 30.484587417920732 , 55.24023064204453
822 , 0.14757015699059997 , 91.98166797751739
823 , 40.58970529219547 , 102.6066484620444
824 , 12.16334486274117 , 50.74977745419475
825 , 0.08031895512754303 , 72.74614611588504
826 , 8.697326375812947 , 88.99317641695293
827 , 13.033293106052113 , 87.0651554587284
828 , 0.02115140526454321 , 71.78543098607044
829 , 9.341304306835728 , 77.28003091992524
830 , 22.494090691443642 , 47.526555512652415
831 , 39.15115434289941 , 49.32241812972452
832 , 9.23402002421445 , 50.686682027391036
833 , -1.9672105295930258 , 84.86929007967713
834 , 1.4800494269671292 , 87.28811941713525
835 , 28.507156979317333 , 73.39579908855481
836 , -2.7182377231006547 , 96.51447645986664
837 , 22.45738969550196 , 53.658852849717896
838 , -1.9562667682569723 , 75.11569751250381
839 , 13.175084135491154 , 93.03786587196288
840 , -0.60048347202394 , 69.40925721878018
841 , -0.2227069995656746 , 73.49767164710714
842 , 19.180288912313483 , 44.42025432485913
843 , 24.897959103441988 , 65.43969732571364
844 , 4.4788714885514525 , 65.51260534286862
845 , 19.43710745157412 , 50.0354130323093
846 , -2.5177000852636016 , 79.90718711007419
847 , 17.216049941187567 , 52.423815630922896
848 , 19.663949578559645 , 87.4264225856793
849 , 28.302880143134978 , 88.55030863800266
850 , 22.626139027857334 , 54.415098847570604
851 , 34.80617252636525 , 92.22431355261745
852 , 10.771166648194356 , 37.3861635540551
853 , 24.009006092178144 , 46.0000974528322
854 , -3.0932283061728207 , 68.4294559010455
855 , -3.8237176423692403 , 81.07409092408393
856 , 15.658593956193172 , 57.686520549448964
857 , 22.44078215682585 , 86.78462307476885
858 , 10.210793487007656 , 46.77636280009193
859 , 7.836520090388601 , 50.160659077972724
860 , 29.33460942721725 , 50.12058281173228
861 , 11.563720682908267 , 67.58574614746485
862 , 5.383890102241732 , 65.43667679577791
863 , 23.203971568228305 , 57.30180709298723
864 , 1.993180682810205 , 89.80832901782455
865 , 32.461948288462025 , 72.21704429515796
866 , 9.175272041078387 , 67.19019760927522
867 , 6.812029117868837 , 65.69453534205938
868 , 15.972417867342319 , 66.75209263751107
869 , 34.10355133659737 , 52.260098803411665
870 , 9.384270956688917 , 40.66819050407289
871 , -3.0835249231666175 , 61.053382709806876
872 , 1.568090579649471 , 67.12123345541792
873 , 2.2812030415041127 , 83.00192424977999
874 , 15.291998503273257 , 62.084880726697236
875 , 12.286606093439046 , 63.72860036376668
876 , 14.46310651970796 , 35.86731488470078
877 , 16.093485504914245 , 40.33356753895752
878 , -3.458172190066605 , 71.56543101142215
879 , 21.606969053683123 , 61.23403521860722
880 , 23.24245621973959 , 36.89404381860267
881 , -0.9871271833650521 , 64.89199081767
882 , 18.410969073310255 , 47.648120591930166
883 , 10.978192617804188 , 39.51192969673039
884 , -1.3611766500230014 , 52.159386965769194
885 , 0.6232935004891549 , 64.1201372535509
886 , 24.69920133196503 , 44.08790486194386
887 , 1.2524054627574746 , 81.28129891247472
888 , 26.28302678519023 , 49.63203656556251
889 , 16.832193757259173 , 34.55465043355064
890 , 9.28827912325977 , 38.468020501820895
891 , 10.375017688243195 , 69.20735357729404
892 , 34.946364881720136 , 82.57767314513043
893 , -2.937069954315453 , 67.39050219561139
894 , 27.382608222983468 , 51.6074687124794
895 , 7.1392813222934715 , 61.13844475563003
896 , 8.95775166330901 , 41.85084808327958
897 , 9.870483070623226 , 37.055035597571624
898 , 9.6514927591857 , 66.6310948279386
899 , 36.1704478883421 , 56.33516834818162
900 , 10.678999315212202 , 41.56314118712221
901 , 23.174372173974046 , 39.64844367979544
902 , 5.147754097766468 , 83.53169802905343
903 , -1.547023434043515 , 57.924155017502414
904 , 9.430209750492464 , 44.477331474099394
905 , 0.8119502413049202 , 64.30187138037583
906 , 2.065645028396778 , 81.69418136786636
907 , 20.536620465849296 , 41.47031304104646
908 , 19.51969611480273 , 49.23064227796288
909 , 11.94075980872763 , 38.77617374074502
910 , 1.0343873347014143 , 72.92565012775873
911 , 6.873103292378262 , 49.33375661624841
912 , 17.074242402899994 , 68.94788403388935
913 , 8.59686538263113 , 38.89447512201243
914 , -5.39812327508526 , 51.49978299288807
915 , -3.741704169777072 , 61.37033139466847
916 , 4.017389323854708 , 82.02964413465854
917 , 31.43218593615865 , 52.41877609391082
918 , 23.597688639579317 , 45.23824753820597
919 , 8.318357758579417 , 44.30464726191186
920 , 20.373425919552144 , 41.95208747925653
921 , 15.858367579809338 , 47.10473410282392
922 , -0.7937867686227592 , 65.44281661337162
923 , 14.89506844088751 , 41.09972475876929
924 , 34.997057706763606 , 60.928904594559484
925 , 25.758972708329647 , 51.13617479367641
926 , 5.335642930064248 , 62.88983587673731
927 , -4.462191951323729 , 57.34526498650856
928 , 7.290468518665284 , 72.10809395245323
929 , 32.707640655336256 , 52.10380918899901
930 , 27.671013009750574 , 63.58860235649087
931 , -3.028059137924059 , 74.98466166193951
932 , 28.061508209528085 , 46.52216633317541
933 , -6.231437391664046 , 70.59502384855449
934 , -1.6468750924627424 , 71.5131529513456
935 , -3.5712892165223558 , 52.88272263962357
936 , -5.634657682476269 , 70.74302472123559
937 , 9.918945126257954 , 67.3877772791256
938 , 2.0036950645375913 , 75.59404635061875
939 , -1.443334139897849 , 76.40140797503228
940 , 1.6162707003658268 , 64.09393467948946
941 , 13.239274414665044 , 72.7947588176272
942 , -4.056774053569524 , 61.06758322862473
943 , 41.75803003556815 , 64.0511598315858
944 , -1.8673944710459582 , 88.55781890336378
945 , 42.9617560056754 , 78.1055140559575
946 , 14.286152335425069 , 73.5095078765269
947 , 21.76130082526503 , 61.59669394305739
948 , 0.017575233132835433 , 72.1998382665931
949 , 12.018280914528205 , 61.75255300701867
950 , 13.24323958824727 , 50.66920524862994
951 , 16.331851549261707 , 51.85439249589876
952 , 30.554924190844755 , 47.09927402902218
953 , 7.949087437028686 , 55.94564734922982
954 , 18.3702189147146 , 53.93250267454039
955 , 1.1822113948646842 , 59.69560859913449
956 , -0.40957808135404944 , 87.38380058406202
957 , -1.5578963202499623 , 64.42767020290667
958 , 18.64979758764484 , 46.630760896525544
959 , 22.239750216766744 , 67.58439536242274
960 , -1.0024969793030636 , 76.84995934276925
961 , 34.761812498936266 , 49.17933390838775
962 , 32.14872281214459 , 53.45565876531707
963 , 40.97758315676901 , 65.74189722684935
964 , 28.481465144600126 , 51.36344855941441
965 , 21.099514162802055 , 80.41550744246598
966 , 29.229551732686478 , 71.94038786766647
967 , 0.6157792895314246 , 92.04758467773439
968 , 18.127945933930288 , 46.93346420668607
969 , 7.72678940781127 , 77.54661968808036
970 , 2.5604088833929444 , 68.09511129140357
971 , 25.36181396205398 , 76.53687855652606
972 , 5.88733293490777 , 62.225222892087004
973 , 21.638578837391506 , 69.1261309740687
974 , 23.950311283826156 , 60.00292805223743
975 , 28.794444480838482 , 69.12735574299856
976 , 19.44070600621635 , 76.38059734873725
977 , 22.21855778135489 , 52.847203309699026
978 , 33.82285437865905 , 73.90246158862291
979 , 1.9117712255991361 , 66.82791308447256
980 , 0.10851442905437063 , 63.92534293153648
981 , 7.322688277913875 , 44.41946581750119
982 , 9.982939088659164 , 65.96456003473676
983 , 22.145274543056786 , 44.17297826493815
984 , 1.0930415327855625 , 39.69731622916473
985 , 20.616470306096172 , 65.27865790189114
986 , 41.304868608532175 , 68.21448023105161
987 , 5.644357100155125 , 48.23211789702097
988 , -169.69255656515284 , 73.9726864896513
989 , 27.91690549858843 , 53.31864698711576
990 , 8.18074559221346 , 38.14546909251512
991 , 11.042908141134888 , 38.59797450408075
992 , -71.71876974292041 , 56.84824980083635
993 , 1.6054836149088056 , 48.3517141977157
994 , 41.28511842461224 , 57.03768245443091
995 , 3.592997943732282 , 47.21062952075746
996 , 35.21500252430914 , 84.84069942221343
997 , -7.749664474633132 , 44.22029261897191
998 , 41.04133181788218 , 66.67570390430825
999 , -154.08383080486826 , 65.71954430680101
