Seed Value:- 61
1 , -956.4373866333627 , 0.8048960345675382 , 22
2 , -5089.531251287606 , 133.76271059299648 , 31
3 , -4405.015460791797 , 39.99104112734537 , 18
4 , -4398.156084088152 , 42.68291849307105 , 23
5 , -751.6040715384243 , 40.89560006034351 , 55
6 , -30.889293276450353 , 134.58273321805635 , 37
7 , -360.3719990255568 , 41.40535799470996 , 31
8 , -481.02437551846265 , 7.091569966208238 , 24
9 , -484.3210509103331 , 30.241303757304347 , 41
10 , -511.4899517975139 , 4.255504753930863 , 21
11 , -315.87575237805277 , 45.14366484506658 , 33
12 , -480.6773480333363 , 116.9604663092336 , 47
13 , -217.40038943364272 , 32.02480927127806 , 82
14 , -99.55114297666755 , 28.357005688948824 , 125
15 , -918.4878107935953 , 0.4507048796448178 , 27
16 , -1003.8195066761459 , 2.7585815113382792 , 51
17 , -315.59849563363764 , 50.712433166969106 , 31
18 , -827.1583203207111 , 6.460598563467847 , 31
19 , -67.96711997729993 , 43.99552065126968 , 61
20 , -43.602876583272796 , 27.95591577985163 , 86
21 , -61.76392530629887 , 92.73778585253777 , 45
22 , -855.949221539681 , 23.78683162149769 , 41
23 , -782.5204975040983 , 17.462425212479985 , 36
24 , -404.02110510325883 , 8.068340469084564 , 19
25 , -16.137631427349316 , 26.470412026266768 , 84
26 , -747.4402731099996 , 18.66708904261596 , 93
27 , -7.849586545435281 , 37.06208087344946 , 58
28 , -15.799498761486692 , 32.44555236692203 , 62
29 , -28.872828213558975 , 26.55772045227701 , 72
30 , -23.540298458739866 , 23.87881117720958 , 126
31 , -495.1326179102913 , 11.429424144833394 , 34
32 , -627.693043743174 , 13.05638079729049 , 44
33 , -568.028406440724 , 11.07377073197867 , 37
34 , -539.2891323326182 , 11.81550234736991 , 31
35 , -428.57845487462237 , 6.671643235158238 , 21
36 , -472.6175487472186 , 6.40488087759624 , 24
37 , -17.94315535828411 , 32.194182502562306 , 70
38 , -10.407336010395689 , 27.537681220313132 , 82
39 , -624.1061583945873 , 16.49462190937319 , 43
40 , -718.1937748687785 , 16.72503255037778 , 93
41 , -14.905559332630002 , 30.290788006411272 , 74
42 , -610.5531057065407 , 24.60656013395111 , 53
43 , -525.6605499536305 , 18.846130102780812 , 39
44 , -287.2841408300477 , 37.18992718224339 , 55
45 , -14.793382841510649 , 95.44960814479634 , 41
46 , -450.77998686023915 , 40.27217352461119 , 46
47 , -20.041766485816606 , 71.47884267223354 , 45
48 , -33.869383609230944 , 40.96347495390728 , 65
49 , -83.8924369273727 , 29.59493066772748 , 107
50 , -779.5889549998244 , 32.55742807231791 , 68
51 , -12.576980253352257 , 35.301988784598414 , 65
52 , -442.0941922751113 , 49.48540172830804 , 57
53 , -543.3494241986912 , 59.339934544933996 , 212
54 , -730.0551342143399 , 43.83243604760367 , 185
55 , -17.82645227729992 , 49.23498751083356 , 54
56 , -363.33439470839664 , 49.57602117744079 , 58
57 , -12.954912102839316 , 71.86609412519816 , 43
58 , -445.0449791595264 , 44.737170607863455 , 101
59 , -65.97177340003286 , 36.612204862450675 , 104
60 , -275.09536896238245 , 38.69238160323009 , 155
61 , -377.480248498091 , 53.47542485055001 , 225
62 , -388.46923635457705 , 68.0401587614207 , 45
63 , -42.08899732003312 , 80.75893890466708 , 41
64 , -248.5007317772671 , 37.572986225831535 , 153
65 , -158.51363468021407 , 37.924150899539754 , 61
66 , -213.61113591087744 , 32.325797390515554 , 73
67 , -29.46839701466344 , 52.86846405878285 , 54
68 , -217.7728123899108 , 31.659603568238673 , 107
69 , -138.64043296738708 , 36.14280621168635 , 69
70 , -324.2243428790416 , 70.57442673765763 , 44
71 , -160.06168216246866 , 33.64442961927959 , 69
72 , -27.743038967740972 , 62.296757952556675 , 43
73 , -89.47521683971149 , 72.69552436396711 , 40
74 , -176.52554247992467 , 30.79836371013879 , 85
75 , -148.52547098348734 , 30.89273295630631 , 75
76 , -176.73555645178135 , 36.313233544411936 , 92
77 , -48.418047121025644 , 44.6416658945352 , 54
78 , -257.81563422634974 , 32.07839451848845 , 125
79 , -290.34700597637834 , 40.204321000811966 , 182
80 , -125.25994581415097 , 41.59406072932912 , 55
81 , -138.1875681643275 , 102.54999039338556 , 40
82 , -92.69507127119341 , 28.772033397701932 , 193
83 , -190.8839483810509 , 38.5549683723012 , 77
84 , -194.36488367457443 , 31.58036674795593 , 118
85 , -135.4925080002566 , 35.071742341421825 , 63
86 , -7.700375669590401 , 32.04773238354141 , 71
87 , -330.26936441860505 , 67.55346790351963 , 38
88 , -112.11256490977647 , 28.952297762376276 , 114
89 , -190.8160712609771 , 32.28092407137943 , 74
90 , -18.995611671746587 , 47.79450313021951 , 63
91 , -220.41602543475668 , 30.523617842515172 , 130
92 , -130.98336216524703 , 36.021332558451405 , 59
93 , -357.2989488161175 , 55.31387985702477 , 40
94 , -57.92344716744565 , 61.63611206970687 , 45
95 , -125.1767671709822 , 35.439068507028594 , 57
96 , -45.312898806133575 , 75.97146820664511 , 41
97 , -46.122892556511985 , 66.16336542379791 , 43
98 , -97.9451406217298 , 41.003281274924575 , 52
99 , -67.75255473142688 , 95.32803099794184 , 41
100 , -174.45000720104514 , 31.079905830489363 , 74
101 , -141.64475175203899 , 40.29115384945289 , 57
102 , -110.49426065900401 , 29.126051117443343 , 79
103 , -22.48012717715809 , 34.781069983409076 , 73
104 , -12.713713919778442 , 49.02694895541918 , 58
105 , -232.96489573524119 , 43.0178918698642 , 306
106 , -150.68641602290234 , 42.72478742505087 , 57
107 , -58.79607873605397 , 55.215957464592286 , 47
108 , -98.84776568802195 , 31.502622702213394 , 149
109 , -594.7155183809782 , 14.654387117996828 , 34
110 , -102.75983876650405 , 30.70892367185826 , 163
111 , -687.6288553219679 , 10.779977349685563 , 39
112 , -740.2549109964906 , 7.912337679466061 , 35
113 , -46.33563581674066 , 32.86111745046087 , 99
114 , -113.1291492036556 , 30.207011240205187 , 81
115 , -48.49501640322916 , 35.53613346946422 , 62
116 , -52.89590878200064 , 37.46722127267726 , 65
117 , -125.13315279001634 , 28.16094387141476 , 200
118 , -168.51583307808988 , 38.3543781371037 , 86
119 , -54.62719482798008 , 29.997073613943797 , 130
120 , -19.302341254739098 , 84.3942431267329 , 42
121 , -99.80478897521729 , 28.74779798393298 , 106
122 , -11.096416021879902 , 48.97816267309172 , 52
123 , -49.076584133393766 , 28.89492146520436 , 71
124 , -93.93425559688848 , 27.71158011088212 , 206
125 , -112.37523754902712 , 48.96578674886692 , 59
126 , -51.39298101450957 , 59.07317372103635 , 47
127 , -63.91016698607268 , 30.294058490650773 , 89
128 , -19.388356581858556 , 105.83606327714993 , 42
129 , -41.285600871315815 , 41.149150181701266 , 58
130 , -62.41032670073821 , 27.585151339703163 , 177
131 , -59.614611787153336 , 38.62524053167402 , 63
132 , -67.58385250380306 , 31.280801578887793 , 75
133 , -39.62795365462774 , 47.09745086226272 , 47
134 , -75.64413862301197 , 83.52568678834095 , 41
135 , -68.74864119182818 , 29.132984726260734 , 97
136 , -131.9180327797456 , 33.17985262467578 , 285
137 , -116.26388191188994 , 28.894306716705447 , 161
138 , -9.517300222013649 , 72.57003936514118 , 43
139 , -7.541464342965309 , 77.64240025838988 , 41
140 , -108.29006066462574 , 39.44300441996858 , 55
141 , -156.34401777697792 , 40.36584314435941 , 62
142 , -50.709501384641186 , 29.384735757730194 , 71
143 , -138.68219642651528 , 36.43603787444816 , 98
144 , -66.37064113376634 , 33.19533795918838 , 64
145 , -53.75084505566653 , 30.610474090792746 , 120
146 , -18.63615556735747 , 72.62322459117233 , 44
147 , -34.63230936436854 , 60.24857960169402 , 50
148 , -75.46937761543573 , 36.35352722519192 , 66
149 , -55.75521282831864 , 63.546127572561915 , 40
150 , -44.728715164318054 , 35.92079058299584 , 74
151 , -22.99863771762206 , 34.48876551381207 , 71
152 , -35.29551092256546 , 29.032922766143034 , 77
153 , -26.07331142616979 , 27.316617470006765 , 94
154 , -36.819934753599476 , 23.87350266577603 , 113
155 , -51.30393179771386 , 37.277559961068704 , 57
156 , -50.746573336959074 , 32.56370142371719 , 96
157 , -36.67797466050485 , 47.559265068623006 , 62
158 , -85.2200527730478 , 36.164688336755056 , 58
159 , -5.5273902575625105 , 45.15033386985688 , 60
160 , -11.753399158529712 , 49.22624671866572 , 53
161 , -122.51965363309503 , 34.57155254929311 , 170
162 , -33.950765118989516 , 30.441700216631858 , 80
163 , -59.155377133199174 , 29.40134146439837 , 133
164 , -78.94112282992181 , 34.220883363257805 , 178
165 , -6.192423363111312 , 34.38329977853697 , 57
166 , -63.95969797426826 , 35.24272421042925 , 50
167 , -24.01480206092336 , 33.578483917170146 , 63
168 , -130.17852916375284 , 33.392248539728925 , 183
169 , -5.526418307329526 , 57.97380557149076 , 50
170 , -19.09887915259748 , 40.88808546344005 , 49
171 , -75.90101298138904 , 41.16552612480844 , 89
172 , 0.7024092332363772 , 49.3200474711253 , 54
173 , -40.12774051803793 , 51.62215214259495 , 60
174 , -21.98881425802754 , 48.57012182876869 , 58
175 , -45.23435390269904 , 37.478398621127646 , 51
176 , -3.665943826342122 , 46.33020532603653 , 55
177 , -6.096298979980917 , 81.99236920848467 , 41
178 , -132.1271615547523 , 56.027126145481006 , 73
179 , -33.46217501683104 , 46.219930290083425 , 68
180 , -2.5859261870779244 , 67.04735044446059 , 46
181 , -13.924514687685766 , 48.702161962829585 , 59
182 , -5.809590615093487 , 76.82129611665893 , 40
183 , -34.90531944473847 , 33.03913983807582 , 88
184 , -67.43500796031768 , 29.77939846965275 , 81
185 , -14.058102952714334 , 34.648252486740994 , 53
186 , -96.52838625267954 , 29.927940622889576 , 81
187 , -68.22923345149489 , 29.971322146551564 , 106
188 , -83.10463110503764 , 59.42363327834157 , 56
189 , -11.548301363263489 , 40.34990367292575 , 54
190 , 7.83345539027323 , 95.27898568128269 , 39
191 , -115.77437643503686 , 41.0688028389225 , 54
192 , -11.212152580544736 , 30.329820077066 , 67
193 , 8.427586837137978 , 81.18606188912581 , 39
194 , -57.81154536934726 , 32.574047301193154 , 68
195 , -68.01228439715864 , 35.92216323846502 , 66
196 , -212.1229097781825 , 38.75718476430194 , 121
197 , -86.37133968992823 , 46.279028551287766 , 70
198 , -104.01593058211233 , 34.88655898868817 , 257
199 , -56.8901677249049 , 40.454746038791086 , 77
200 , -5.876752857304404 , 39.77649258338621 , 66
201 , -43.881109778251904 , 24.44202828949439 , 105
202 , -3.221894105689926 , 60.36222411287551 , 48
203 , -0.6422046892475676 , 71.65583899807709 , 44
204 , -13.803742657935802 , 56.923276671404615 , 51
205 , -122.79410158142318 , 44.71301276738838 , 82
206 , -34.61104458969529 , 28.266382229967192 , 83
207 , -55.01138978521548 , 34.7715295367464 , 77
208 , -54.21151664259834 , 37.19055908470989 , 69
209 , 8.143095374646677 , 60.066749830053624 , 51
210 , -64.90780784550535 , 35.434772534665036 , 64
211 , -36.908027027177894 , 46.1692591954634 , 54
212 , -69.62277796983949 , 31.72092763849232 , 102
213 , -12.97874604384432 , 34.27868381290866 , 69
214 , -67.0695374193714 , 34.71477823269032 , 82
215 , -49.90501784008952 , 55.76554341483716 , 60
216 , -1.3524919248910925 , 64.19414736446329 , 44
217 , -51.48166065746392 , 32.902403404454155 , 71
218 , -30.511318939657265 , 31.774160877844174 , 82
219 , -113.30064092966391 , 34.989551715401 , 88
220 , -66.52720012563304 , 56.555341761391446 , 58
221 , -47.181635913776 , 48.51666902201815 , 58
222 , -3.416369275885268 , 34.15483471970227 , 73
223 , -94.51412905078348 , 33.6392411576371 , 100
224 , -75.82087985152204 , 32.22208122896078 , 86
225 , -60.531126097629496 , 35.19759012402993 , 81
226 , -75.56532291573386 , 29.030677521874857 , 103
227 , -71.39017598253845 , 31.417832959366738 , 88
228 , -107.76180029817912 , 38.64156696706441 , 116
229 , -116.44684475966156 , 35.98462856831508 , 101
230 , -7.568241661197509 , 60.541351716160904 , 47
231 , -63.67729074650672 , 50.699081552809716 , 66
232 , -60.250624703091006 , 36.150152310971094 , 75
233 , -25.63463274348666 , 66.66578125952154 , 46
234 , -13.936420206100303 , 51.87005473434006 , 57
235 , -144.93084920737903 , 35.003718650901625 , 108
236 , -13.389662820419515 , 49.95918423551638 , 56
237 , -101.70781676621927 , 42.22788518915647 , 90
238 , -112.72951469465632 , 29.322913829047668 , 101
239 , -50.5104708377505 , 39.12756237206226 , 83
240 , -155.13303273734914 , 40.53941479937777 , 132
241 , -52.374097379762055 , 37.184782930267666 , 76
242 , -8.807802975720792 , 71.36924261208287 , 43
243 , -109.88195343849173 , 53.03466930782346 , 64
244 , -14.140626217175726 , 109.88760924475969 , 38
245 , -36.58606930846911 , 67.45367010438663 , 51
246 , -38.22739396997082 , 62.81423547295899 , 52
247 , -112.26383538817396 , 39.54576576984063 , 80
248 , -39.06540155275591 , 81.36011195792341 , 41
249 , -59.73119374262162 , 37.555241846377484 , 68
250 , -51.46743714261654 , 32.808510244651856 , 99
251 , -19.379166034599137 , 30.058889067923804 , 85
252 , -36.879691149814455 , 34.775493310348196 , 85
253 , -41.30842515792683 , 59.20177098960062 , 56
254 , -88.94859980341052 , 39.29943743646997 , 70
255 , -26.339834081026112 , 60.11971224815936 , 54
256 , -62.72744935193694 , 41.19120714874401 , 71
257 , -50.1988544631104 , 43.781108748577694 , 63
258 , 4.675393853752386 , 71.872416524259 , 43
259 , -94.15285170450058 , 31.792298367501946 , 101
260 , -26.37190232858054 , 51.18655738814075 , 59
261 , -60.14227687262813 , 40.282543123501455 , 74
262 , -140.2589406372541 , 36.819588489894294 , 106
263 , -95.6434945883617 , 32.976437263960854 , 88
264 , -109.2243443299812 , 31.79395188822649 , 102
265 , 0.17653672552533517 , 55.69702598355258 , 50
266 , -90.82301820749157 , 40.08553640855305 , 84
267 , -28.258790674674174 , 51.497580925596544 , 55
268 , -5.214220158994298 , 82.64551838118942 , 44
269 , -70.27647111350979 , 28.907416671092882 , 94
270 , -2.807945097364911 , 85.73241134506844 , 42
271 , -5.274151524639948 , 69.7096620951781 , 47
272 , -13.277332009623828 , 49.92878842570836 , 52
273 , -3.296042841898572 , 54.77277562996353 , 53
274 , -88.95556499102264 , 28.959456306226404 , 104
275 , -23.843061777966618 , 44.08097672751214 , 63
276 , -10.63926301688824 , 62.87064916566274 , 50
277 , -21.031708644569623 , 28.032745552828633 , 93
278 , -12.104394299540061 , 40.65240963002697 , 66
279 , 2.802695850951042 , 50.140330288757 , 51
280 , -34.47063321493642 , 42.29518763382429 , 62
281 , -20.421672356456856 , 47.97792286157062 , 60
282 , -71.34613394182475 , 30.76703888784749 , 107
283 , 12.363523215974968 , 47.38737521296363 , 54
284 , -82.98300782521775 , 52.349588861965344 , 49
285 , -16.296110762811253 , 55.05250156643223 , 49
286 , -61.47604912513713 , 47.40240009505099 , 63
287 , -26.63820912730448 , 37.97455469568555 , 75
288 , -95.07714825421321 , 31.561390188202225 , 102
289 , -8.749782493018802 , 91.23283912364646 , 40
290 , -80.40203275352098 , 29.24226653218614 , 105
291 , 2.956051450000448 , 111.94945193579922 , 38
292 , -74.27094478559596 , 31.227199272200803 , 128
293 , -7.841639093404028 , 51.02376263867006 , 54
294 , -0.8327687837460073 , 37.37023205263617 , 65
295 , -1.9794632371795187 , 60.50774617259646 , 48
296 , -56.04429379153454 , 32.722207432830984 , 91
297 , -9.43404866631031 , 58.444843099928704 , 47
298 , 3.202393765330834 , 48.974410693063916 , 51
299 , -13.419028554931636 , 93.52589510307044 , 39
300 , -35.059372942226965 , 38.94228706926308 , 69
301 , -44.1914607680971 , 30.7316945667806 , 79
302 , -40.4033728698869 , 37.503570668933165 , 72
303 , 4.3430585189764095 , 53.763093574167286 , 52
304 , -48.85007955433349 , 31.35497550886589 , 87
305 , 9.701926738631364 , 45.55868549731487 , 55
306 , -13.111090993359278 , 34.971388457861615 , 74
307 , -1.9744251421870282 , 82.08507111895753 , 44
308 , -44.79031985796711 , 31.252812654240127 , 81
309 , -84.42817092262004 , 30.866661166263 , 105
310 , -6.279355324932565 , 42.76770654876758 , 63
311 , -41.64187243427776 , 44.90168539172872 , 60
312 , -45.771144857870226 , 52.745045183779176 , 61
313 , -8.981544901730345 , 49.74327059250947 , 56
314 , -3.7352184069509304 , 38.5885089815072 , 57
315 , -31.831771990759602 , 37.05114667404745 , 78
316 , 0.6769231875364696 , 54.873466239525655 , 52
317 , -46.05733392581134 , 34.33859207056113 , 72
318 , -44.58092019517361 , 27.45570849222039 , 82
319 , -2.7786949062542288 , 57.73576025085071 , 48
320 , -13.845937564427455 , 39.9621337938267 , 58
321 , -66.58392648953411 , 30.59444479463209 , 81
322 , -22.07383550633748 , 55.82504943521039 , 52
323 , -82.8405981307606 , 34.15878971312563 , 112
324 , -41.553529913829635 , 30.69000889007119 , 105
325 , -4.75336099092587 , 86.70756885785566 , 41
326 , 6.2043039527107435 , 89.13782780055824 , 39
327 , 1.5026365382862132 , 34.141460746924764 , 68
328 , -52.85885111148924 , 41.223115187539484 , 61
329 , -4.185099573066328 , 54.03523317104116 , 51
330 , -45.27224483421769 , 28.797718443772407 , 73
331 , 1.8630882755846787 , 99.34829963350093 , 39
332 , -5.71880797531181 , 94.82463557127261 , 41
333 , -6.25645238683955 , 61.12562058823995 , 47
334 , -24.944577268450086 , 133.789723621527 , 38
335 , -8.228512390369138 , 32.13700352537375 , 78
336 , -87.58374731915256 , 38.32729723169296 , 102
337 , -61.69317259260206 , 30.540933966619754 , 76
338 , 2.4065452783396375 , 48.544330437184506 , 49
339 , -34.837172568594056 , 32.749591628624444 , 111
340 , -3.3294210001749622 , 48.362852011463026 , 52
341 , -48.05285816779375 , 26.014869532893396 , 111
342 , 1.1323335728467314 , 57.098595012044655 , 52
343 , 5.8936759765658095 , 50.228445270369285 , 50
344 , -20.768140781561986 , 39.27117671935231 , 59
345 , -0.07330966678142681 , 39.09143380849148 , 60
346 , -8.313567035495655 , 44.45884468434532 , 54
347 , -5.296830696190642 , 31.60754740416762 , 69
348 , 4.16206287647275 , 50.9190831580134 , 51
349 , 6.202856542724281 , 55.67778175606141 , 47
350 , -3.1370947761609527 , 39.24236431098294 , 53
351 , -8.89202731281206 , 41.777911030851826 , 61
352 , -6.946866238216581 , 37.90412718264408 , 57
353 , 0.07144815605703836 , 42.28378175270987 , 60
354 , -33.64457693331501 , 29.48178329550932 , 124
355 , -9.82775501597608 , 39.26948534521775 , 65
356 , -4.36370010827384 , 39.78620809792065 , 58
357 , -58.7710354943095 , 40.222348132556725 , 69
358 , -23.103025966172893 , 31.02328114411418 , 80
359 , 0.9042524714676237 , 30.56234043862647 , 75
360 , -23.15096492481732 , 40.6102776716099 , 70
361 , -48.52755360505943 , 29.513121970374556 , 102
362 , -5.193405289891237 , 38.27534117274012 , 57
363 , -40.122775711186456 , 32.729155025867094 , 72
364 , -64.86831372426815 , 32.40718200663552 , 97
365 , -4.9101642630206985 , 31.412460430434237 , 77
366 , -2.5788137476975006 , 71.62503245982683 , 44
367 , -11.923757063070086 , 45.10034130715195 , 57
368 , -42.4232110456217 , 27.824060075544764 , 86
369 , -17.180743095232224 , 25.9737887913428 , 114
370 , -39.734279444150765 , 37.27507231457089 , 80
371 , 5.341003659698386 , 46.34990656538847 , 49
372 , 22.897547155456085 , 38.61459228828373 , 60
373 , 7.120377926699171 , 57.05063423784542 , 46
374 , 0.7771015992972305 , 64.382101306043 , 46
375 , -5.242365496739468 , 36.202086293456475 , 65
376 , -44.59843653286679 , 32.83141538365426 , 83
377 , -90.19062063186425 , 31.413808243040346 , 152
378 , 5.962838194754849 , 75.68872800745464 , 43
379 , -17.83844315580011 , 29.57698543147878 , 69
380 , -49.44190778350609 , 33.160008925846874 , 90
381 , -14.1363822225529 , 33.97411234017883 , 70
382 , 1.9946118141890157 , 38.593790678145396 , 61
383 , -8.172075019594564 , 38.737785530753655 , 61
384 , -13.262304202612446 , 30.849412832515316 , 68
385 , -20.645212177382593 , 37.3332833116369 , 66
386 , -6.048753688684958 , 88.80535581333362 , 40
387 , 4.856605167130081 , 41.5399775263958 , 59
388 , -27.32746038975285 , 48.66611906557079 , 57
389 , -73.08230761386247 , 30.111566499683835 , 113
390 , -110.84187672068892 , 34.21263199324418 , 124
391 , -34.21047907685683 , 27.90308118065463 , 104
392 , -2.9032800386432327 , 80.26659375823924 , 42
393 , 11.752023744104022 , 64.95302514878259 , 45
394 , 7.345827818720978 , 45.826389873831936 , 53
395 , -25.38947525604184 , 30.052323422957542 , 94
396 , 14.117843879407495 , 28.622500714327206 , 74
397 , -19.55263292086825 , 38.36241818502578 , 63
398 , -23.166851062480596 , 33.752185975241225 , 75
399 , -41.912120316251475 , 38.0020683693447 , 78
400 , -5.0669769768761475 , 37.40626380477995 , 61
401 , -0.08385475016275956 , 41.45383209127553 , 61
402 , -2.8125099220670036 , 50.01821406744291 , 58
403 , -22.423687448640344 , 32.20272217253187 , 88
404 , -52.568632868883526 , 29.582060867206422 , 95
405 , -52.07596322482884 , 24.326230713854777 , 103
406 , 11.217945110628847 , 58.71755607504627 , 48
407 , -68.37704350101467 , 34.06363995416627 , 92
408 , -16.51101282147072 , 31.34273111937958 , 72
409 , -2.9435046462260903 , 33.62445924525819 , 66
410 , -3.0828945402857606 , 38.254936859980354 , 63
411 , -40.24631846704519 , 31.848722845032203 , 79
412 , -43.07385607372497 , 32.23137536639661 , 97
413 , -10.35324409346433 , 36.90876889613998 , 62
414 , -43.38062005789987 , 39.36440841165736 , 66
415 , -2.562953680256356 , 29.181643802133866 , 70
416 , -54.24445420583153 , 34.27664775711103 , 98
417 , -12.429212053578178 , 32.39322225122798 , 85
418 , -57.400428489404746 , 34.58690399874603 , 101
419 , -17.001726727798417 , 28.18754010754686 , 76
420 , 2.6486887489784685 , 39.002112084524796 , 61
421 , -12.210723409473905 , 39.05818587744002 , 61
422 , -53.20111608143795 , 36.820309730380785 , 85
423 , -24.722596192840818 , 62.90028321854944 , 46
424 , 2.006600731082197 , 34.40558087759382 , 64
425 , -71.44710535161467 , 32.132417433810886 , 104
426 , 4.6935723988762 , 35.95521731730921 , 60
427 , -52.16771068742274 , 29.573817672258258 , 70
428 , -53.641535038106234 , 34.41014738208877 , 109
429 , -3.201350118651468 , 59.097331012360584 , 49
430 , -17.58633942098348 , 35.14002844549423 , 73
431 , -79.97159783032937 , 33.196999037476736 , 119
432 , -27.980358932508633 , 31.865873195662036 , 85
433 , -1.6621696228517973 , 35.55625524475607 , 70
434 , -14.32176687304864 , 26.573919723460605 , 87
435 , 6.487055702179018 , 90.42455457614773 , 41
436 , -12.925256611708194 , 71.67351895577201 , 46
437 , 2.478762673994119 , 36.950093205283075 , 64
438 , 3.896940548384327 , 38.6342208293245 , 61
439 , -59.033165670670996 , 28.13350560927847 , 112
440 , -41.44418295186764 , 38.51561851842472 , 78
441 , -28.080677947286873 , 35.24111471398966 , 77
442 , -8.997127478457534 , 35.90692069273293 , 68
443 , -26.63431511405564 , 25.032733029843758 , 97
444 , -32.98265603176223 , 33.482113477496625 , 70
445 , 11.099295997085362 , 60.49350994760921 , 46
446 , -28.03251760697135 , 44.617095574240885 , 63
447 , -6.646958317276285 , 26.468420984757135 , 92
448 , 0.382022827266459 , 78.02710230334768 , 42
449 , -19.90835831849856 , 32.093646538205064 , 97
450 , 10.22231748920689 , 50.67083987950083 , 49
451 , 4.277076284048067 , 40.04689876943123 , 61
452 , 9.872978281906613 , 67.11422299780418 , 41
453 , -40.25429337681792 , 31.82174765782595 , 85
454 , -5.131328257333213 , 27.85485834854493 , 72
455 , -28.510871209489995 , 30.978767682992046 , 87
456 , -1.2043975023732152 , 42.069141753388244 , 57
457 , -97.49286239916367 , 38.25736631559325 , 107
458 , -31.977872362615425 , 29.21549186601053 , 86
459 , -34.27090299155628 , 29.65065110792533 , 93
460 , -60.897467122209996 , 29.301089849553573 , 111
461 , -6.058395140019966 , 32.15201208363015 , 59
462 , -2.4277925648769756 , 51.60391079959588 , 49
463 , -15.656428558936817 , 31.705815418197854 , 86
464 , -0.13446201513586642 , 51.01707025217291 , 50
465 , -12.230698644406484 , 32.410731221855094 , 82
466 , 4.953040615852395 , 65.8239881174297 , 43
467 , -14.355593202267606 , 32.453429778883624 , 72
468 , -28.928808168684984 , 28.3670390560902 , 128
469 , -4.956783042023462 , 36.52144150129717 , 67
470 , -23.366582611185176 , 34.56347633491917 , 71
471 , 12.951894705003186 , 53.689008511308806 , 49
472 , 4.160277026285663 , 37.01143663324379 , 67
473 , -34.783692866044305 , 37.848952903691476 , 64
474 , -36.35664974595755 , 33.42501751235313 , 86
475 , -80.77502116941301 , 30.157859430655467 , 100
476 , -13.624150013365462 , 31.730665980280747 , 83
477 , 11.512184790229046 , 77.49111299520472 , 41
478 , 6.495943672287846 , 23.908703135053507 , 179
479 , -6.0887673489173 , 49.08568479749518 , 48
480 , -63.8360589106462 , 33.4332974849971 , 131
481 , 0.3912483755971832 , 65.89051883744408 , 40
482 , -63.434856089659206 , 32.2294691079401 , 89
483 , -15.92613222812101 , 33.39909076012272 , 84
484 , -3.546503881341122 , 40.516345524615325 , 55
485 , -64.4540065269618 , 30.019990681883677 , 115
486 , -53.609699663147225 , 29.331376559204795 , 106
487 , -5.357585409177066 , 62.73934334837198 , 42
488 , -2.655344593781667 , 36.909376527324305 , 63
489 , -12.94340328224691 , 51.30846618210445 , 49
490 , 15.942067409498817 , 42.00671956235627 , 56
491 , -9.680916152010116 , 49.18424324926484 , 45
492 , -51.435933759679074 , 32.031555414949 , 86
493 , -9.281885081518485 , 27.991330962355867 , 106
494 , -41.60460927307559 , 30.776878777039354 , 91
495 , -9.992946116511424 , 43.757112758662444 , 56
496 , -10.634412811918038 , 33.22650252001587 , 83
497 , -25.212887406452932 , 42.93769118981425 , 56
498 , -47.27681980595165 , 32.87828568994486 , 86
499 , -82.79857306348349 , 32.067063341195414 , 139
500 , -4.686422414054503 , 51.125175614259916 , 48
501 , -13.362366342440692 , 30.77126828091742 , 74
502 , -3.8352771787862094 , 58.835969655672834 , 47
503 , -34.36022089161608 , 34.5128537735868 , 80
504 , 5.506309048890321 , 37.360285328210836 , 61
505 , -38.970204062958125 , 35.12382370240564 , 76
506 , -6.856905972978755 , 46.51534399990539 , 56
507 , -63.38357059353693 , 26.58742139131013 , 106
508 , 1.5369125349759183 , 40.00694934004954 , 63
509 , -19.742211316141244 , 34.50278543263785 , 78
510 , 0.4433316354775363 , 45.952487130156705 , 54
511 , -25.345470361043844 , 39.19114201306687 , 57
512 , -8.374932431591182 , 35.81764560539658 , 71
513 , -43.67196156105756 , 30.03145393403708 , 138
514 , 13.74413807304995 , 40.76180743816394 , 57
515 , -28.25951606963755 , 42.762338055441134 , 59
516 , -13.689425781150371 , 23.745742925260853 , 94
517 , 13.729852447145099 , 56.54398982087866 , 47
518 , 20.505396939880498 , 36.89867139075353 , 59
519 , -25.329015852469524 , 35.13184110814531 , 82
520 , 6.57694196385453 , 85.16457427746823 , 40
521 , -20.66892649372654 , 35.86286645619131 , 77
522 , -21.201034931241136 , 44.154190668331566 , 54
523 , 3.1969743223129665 , 46.40170805534847 , 57
524 , 4.364053369323528 , 68.86955594385007 , 43
525 , -25.154697259320965 , 39.36990245610616 , 58
526 , -45.9428984233797 , 31.280363775080264 , 85
527 , 2.968985617119287 , 39.56444773825642 , 61
528 , -0.028289671673983552 , 47.692742334820494 , 53
529 , -14.818597744763201 , 31.36257040812572 , 75
530 , -87.66917147370006 , 41.826259685194934 , 107
531 , -79.25235951376001 , 34.3184121308102 , 90
532 , -14.016265662216679 , 31.026845190316614 , 84
533 , -16.812014528174135 , 54.66242571924893 , 50
534 , -32.56542242669283 , 33.09583139142105 , 92
535 , -42.77901946151534 , 31.048682446200427 , 113
536 , -0.16130895756726693 , 49.94871675831462 , 49
537 , -48.59042736364126 , 28.402814967958275 , 88
538 , -8.773647940054373 , 46.73917802351352 , 54
539 , 2.969192436068586 , 30.3802594863764 , 72
540 , -36.17152053017263 , 27.747928873236493 , 105
541 , -22.084328360428607 , 28.840050208392455 , 106
542 , 8.804806093804178 , 67.68648886365048 , 44
543 , -3.4900380409689284 , 56.61126584555491 , 47
544 , -6.492582573240834 , 53.53417776113893 , 49
545 , 7.687203599651747 , 47.628824727687395 , 52
546 , -25.15206395552216 , 50.93321678457455 , 59
547 , -27.359361802321743 , 31.527191925316327 , 75
548 , -14.783947716719371 , 51.708935592194905 , 51
549 , -2.7930183664988615 , 53.34558846215684 , 49
550 , -60.42470001601069 , 37.85521908235828 , 102
551 , -42.110375265622324 , 43.118187330219 , 71
552 , 1.2039794639332682 , 57.052635653220435 , 44
553 , -34.77510377092587 , 42.378407849864374 , 70
554 , -1.8124834969973769 , 53.179247629852746 , 50
555 , -16.42171229187719 , 32.47430759644317 , 86
556 , -9.11242453378225 , 38.42863375869374 , 63
557 , -24.475884573002013 , 33.58234703076225 , 71
558 , -25.489012965822635 , 26.92611329715522 , 174
559 , -7.672167101063225 , 37.43721824810759 , 64
560 , -42.85357062293001 , 34.65973910257479 , 83
561 , -3.906618775203909 , 53.831091905725785 , 48
562 , 0.34743519489197805 , 52.067644198750024 , 51
563 , -42.98790863683471 , 25.03806621586126 , 154
564 , -30.869914890546635 , 47.68454103711057 , 57
565 , -59.48768251325591 , 37.899279867822905 , 100
566 , -21.814044171894153 , 31.12256856617048 , 80
567 , -16.69194969001492 , 37.25738939210511 , 66
568 , -11.799924815879962 , 37.65577861722618 , 66
569 , 8.203271290289047 , 77.93317793100861 , 41
570 , -0.9111073371865077 , 40.08069964504577 , 53
571 , 10.713805357324368 , 37.65853194608891 , 61
572 , -54.85320959850964 , 30.77950959996749 , 126
573 , -9.1924372313897 , 37.3693873371815 , 64
574 , -6.34180066666339 , 47.85812249894745 , 52
575 , -60.12493249584903 , 38.14227691305735 , 104
576 , -79.07670507659871 , 41.48058843373882 , 92
577 , -14.419048949220805 , 52.89265302004135 , 49
578 , -1.085729587343863 , 58.7736054481579 , 46
579 , 3.5815526439553667 , 74.59869384603552 , 40
580 , 0.03341743880484682 , 45.688135528452264 , 56
581 , -0.11338691679207091 , 51.84630215612686 , 54
582 , -18.011657116552154 , 37.81751389066015 , 73
583 , 4.9124037831507135 , 52.351103042092454 , 48
584 , -15.785576102938613 , 47.868952961879415 , 56
585 , -27.246902376020753 , 30.030853925208447 , 85
586 , 18.40508132880622 , 31.15681433308742 , 69
587 , 11.736959142378472 , 81.8865112217918 , 40
588 , -9.261655739766836 , 32.39352207141398 , 74
589 , -4.920171456298037 , 24.743728755114933 , 91
590 , -1.0062033328291937 , 37.311447593764456 , 62
591 , -1.4676596417285461 , 37.475010348440016 , 60
592 , 7.78957057699737 , 47.21014816460673 , 49
593 , 0.208744476561589 , 41.47476065971946 , 59
594 , -58.87805737792543 , 25.11022059883617 , 99
595 , 8.357732175444976 , 63.226673755977586 , 45
596 , -4.116210130265831 , 35.23846758698699 , 63
597 , 2.2141166140575637 , 37.18618724165982 , 70
598 , 3.173400107510775 , 39.24344949747649 , 65
599 , 8.71481216546049 , 66.06820550667464 , 43
600 , 4.96124542107668 , 75.73245793565346 , 39
601 , 5.972617858852162 , 51.79599539706609 , 48
602 , -89.92551221750121 , 32.16860393098881 , 119
603 , -37.35223630329004 , 33.20257738217239 , 77
604 , 13.17823350393123 , 37.062250413315596 , 65
605 , 4.264852214561882 , 56.60282553338871 , 48
606 , -42.56657319549684 , 35.314785426254616 , 91
607 , 8.578117576463738 , 61.68917430933428 , 46
608 , -3.043271294131535 , 38.208690017622324 , 62
609 , 7.427893977284457 , 77.61864659474607 , 42
610 , -42.88745162988253 , 43.12099348106872 , 58
611 , 7.275371478885743 , 51.313635556799284 , 49
612 , -45.1004165897646 , 33.258204389751235 , 77
613 , 0.9134717928629592 , 41.083883064516485 , 59
614 , -2.7255320400254837 , 55.896655243935065 , 48
615 , -11.127435018955472 , 26.279910734329224 , 88
616 , -11.310965652307102 , 51.76980996708287 , 53
617 , -22.264696035916927 , 29.214432352993946 , 86
618 , -1.7181240276897287 , 38.86843740506371 , 61
619 , 0.8428035710312773 , 33.66949112789711 , 70
620 , -28.24097441790649 , 37.613654726948795 , 63
621 , -6.165843994459928 , 67.11857742050618 , 41
622 , 3.2532457719298966 , 46.9241468993511 , 54
623 , 5.956297127118065 , 50.864320726576175 , 50
624 , 10.620743845963698 , 60.1658939901922 , 45
625 , 8.4819910450646 , 26.542714633252796 , 79
626 , -4.897466684639058 , 35.77626846661086 , 64
627 , -13.858398979921784 , 67.67290738966527 , 41
628 , -20.80047222777191 , 35.31538252257677 , 72
629 , 7.4939395924114764 , 41.63726548136646 , 60
630 , -4.003768902649737 , 49.91306744154695 , 53
631 , -4.130745638466426 , 48.14826585280416 , 56
632 , 3.744481602757385 , 63.090270780284044 , 42
633 , 3.3833081962617295 , 60.240604556573444 , 44
634 , 5.623355481987709 , 70.89987944547256 , 42
635 , 0.27526532557288497 , 42.24831205260291 , 57
636 , 7.565837179520306 , 66.50199557497787 , 45
637 , -28.31323910250376 , 99.64284521098283 , 40
638 , -10.98894332580325 , 33.97291161965646 , 69
639 , -40.17548400390158 , 29.56699222952427 , 98
640 , -38.89320982863747 , 29.891344906192028 , 89
641 , 14.652192644370741 , 79.5949397729729 , 42
642 , 1.8479326390227775 , 62.22423777669149 , 45
643 , -38.34589657430486 , 30.177147074312185 , 91
644 , 0.35578407116326494 , 42.838238577292515 , 58
645 , 13.735718811128576 , 57.733639629983465 , 46
646 , -22.097659409572568 , 33.03878731759268 , 81
647 , -52.7715413731671 , 24.40751313189239 , 215
648 , -0.11391439255852742 , 80.24725565169398 , 40
649 , 2.4986884560617026 , 65.17023929207414 , 43
650 , -9.011908657962719 , 31.695656173617465 , 82
651 , -28.386522593515707 , 30.432165989737367 , 89
652 , 7.420903219195956 , 56.70707414604011 , 50
653 , 3.805404507067324 , 57.29830141291614 , 47
654 , -23.188523230786153 , 31.084721093080425 , 94
655 , 0.6279820502714952 , 45.66329383570421 , 54
656 , -4.4305236871410285 , 40.329785770847884 , 59
657 , -37.03623719891114 , 31.15768190928316 , 80
658 , 0.595478578727116 , 45.92522693780692 , 61
659 , -30.833893572029755 , 27.18018911708167 , 104
660 , -59.56087720964761 , 34.83506024133461 , 99
661 , -37.33192809346896 , 32.64567917860897 , 101
662 , 0.1706755293087111 , 44.64950231775389 , 60
663 , 10.520418827684919 , 43.56361852860745 , 57
664 , -3.1464303991466553 , 80.98325932267467 , 44
665 , -13.821743395847275 , 35.51801588070524 , 66
666 , 8.978454431085531 , 45.98716377960231 , 57
667 , 12.476308729719454 , 67.85283743913483 , 43
668 , -25.340517759852062 , 31.781522948578495 , 80
669 , 5.1740817549438285 , 31.724283889152087 , 74
670 , -7.893354351042915 , 27.69805014663991 , 88
671 , -23.151672430051313 , 31.45634772346462 , 114
672 , -6.554258555301876 , 47.239315095063844 , 57
673 , -2.0997479771424166 , 40.41849836423791 , 61
674 , 1.7697880229517717 , 65.04041069297125 , 42
675 , -10.685176365477567 , 41.79194058697332 , 60
676 , -6.883705944091836 , 34.93757616338554 , 81
677 , -24.38733203728996 , 29.223651305447454 , 75
678 , 1.3918822091782685 , 50.16214014024299 , 53
679 , -41.6557920811793 , 27.204321370577862 , 111
680 , -49.640303946919666 , 33.381897854391504 , 85
681 , -0.9470742714450556 , 39.964786559293536 , 64
682 , 6.086245259316063 , 45.07844500963361 , 55
683 , -28.02841258544619 , 32.12227026849196 , 100
684 , -22.49156100258324 , 29.526353470683368 , 103
685 , -15.494373938305738 , 29.84624386230007 , 94
686 , -22.750432322373683 , 26.861496844697378 , 129
687 , -31.223623624181375 , 31.92104813283126 , 89
688 , 14.12420643959427 , 64.31861831188918 , 46
689 , -37.35536894937999 , 36.343869880993125 , 85
690 , -1.8135667871243564 , 53.600668590049665 , 47
691 , 5.542007965183947 , 70.99738297737603 , 42
692 , -34.56845458709811 , 24.22966459621264 , 128
693 , -2.8518852055136508 , 40.754597298819135 , 60
694 , -22.631729258052786 , 28.874065388402823 , 115
695 , -82.73606401553658 , 33.5727319411173 , 92
696 , -67.47678086992387 , 34.10037736789853 , 93
697 , -7.765522080098984 , 66.01160086533008 , 46
698 , -41.87632397078962 , 33.48220997001122 , 84
699 , 5.559166804585592 , 40.002612128915615 , 59
700 , -11.668478289939126 , 32.99706230053542 , 78
701 , -39.87790681228425 , 25.410170717298506 , 84
702 , -7.196200744349006 , 56.86041865009237 , 50
703 , -47.48627327184696 , 33.02793751186894 , 94
704 , 6.940605820005228 , 37.08563610915202 , 65
705 , 3.191940705160977 , 52.51697730494816 , 50
706 , 11.289695673474366 , 41.029446606665786 , 60
707 , -61.72934540971506 , 31.790909181185476 , 92
708 , -29.19469598687553 , 33.11236741586322 , 86
709 , 3.5882285654032655 , 36.5885058437883 , 69
710 , 1.6963150941151355 , 43.26122406526795 , 61
711 , -31.75580009181385 , 27.39178963861538 , 138
712 , -3.75929626945178 , 30.168950296228793 , 73
713 , 5.0359369163842755 , 29.792704621944864 , 77
714 , -3.199180676569414 , 78.81514206328094 , 40
715 , -12.138726944769333 , 33.12793673841259 , 73
716 , -3.5193854974027947 , 34.9848899875244 , 71
717 , 3.1592450882273218 , 29.256221075837782 , 76
718 , -49.110149731575234 , 34.694356655619686 , 99
719 , -8.968808656482668 , 29.5851308813184 , 80
720 , 5.830126725761038 , 52.32332516749492 , 50
721 , -76.20648081286868 , 34.18723800352066 , 148
722 , -16.892452032369704 , 60.7425551008345 , 43
723 , -15.068014940265966 , 35.728641973425944 , 71
724 , -20.73785372233668 , 37.80272125442217 , 65
725 , 4.284807028142265 , 33.13487253130572 , 67
726 , 0.3532334188012852 , 37.2833930750064 , 64
727 , 11.479774626391585 , 51.95972560173669 , 47
728 , -15.791421438601981 , 28.269788296599565 , 115
729 , -57.40862196923546 , 36.018337567159705 , 94
730 , -24.90188559282164 , 37.86716841956238 , 78
731 , -34.03380446172466 , 36.15952232011554 , 76
732 , -48.076027002522736 , 32.388789231416624 , 88
733 , 8.757394464291107 , 54.262407012207596 , 46
734 , -7.357564077412032 , 40.76171793553639 , 58
735 , 11.161809598184846 , 65.07023978653548 , 45
736 , 3.504791958428408 , 102.74538497495443 , 39
737 , 10.614785372573104 , 50.77844165625483 , 52
738 , -23.20518552789968 , 31.521343696081953 , 77
739 , 11.1370027024995 , 55.63873560105789 , 49
740 , 5.5401850847639205 , 74.63224153463946 , 40
741 , -50.326689672838796 , 35.84742432264687 , 78
742 , -75.5047103564473 , 31.559261167203193 , 126
743 , 10.863904665566027 , 88.1223515612591 , 39
744 , -32.88414488285556 , 28.59273837017179 , 134
745 , -39.623450520391174 , 27.850733589502358 , 168
746 , -0.16375092189636986 , 76.07520991724886 , 44
747 , -46.2536860745668 , 29.41769208589854 , 136
748 , -34.26032495323894 , 32.65421331874416 , 92
749 , -12.196288117227967 , 37.59929009400559 , 74
750 , -13.831705398407834 , 30.670903123936395 , 95
751 , -1.419082673980389 , 54.97905072678867 , 52
752 , -1.8354755406496601 , 44.11043269075055 , 59
753 , -12.97745917098494 , 37.10198843001419 , 66
754 , -68.48164657980024 , 32.6195803326391 , 133
755 , -12.41907963886769 , 34.958239033657705 , 67
756 , -82.24098960914792 , 38.03304691490699 , 92
757 , -81.75841681689376 , 31.988814593406097 , 199
758 , -13.412412735745098 , 40.047220582513354 , 63
759 , -15.677168411306836 , 35.20334473940623 , 72
760 , -32.61352584807841 , 31.168184618005686 , 100
761 , -50.82823331964743 , 33.09528165723654 , 83
762 , -13.764143529528491 , 26.301537032575286 , 108
763 , 8.408623002572487 , 71.73792607304483 , 41
764 , -12.699953041597588 , 32.98165028742091 , 85
765 , 4.143639476481405 , 38.89920797849667 , 64
766 , 6.963697732647067 , 54.62432731967732 , 49
767 , -3.867551471437524 , 32.14008442901146 , 82
768 , -104.8965439338189 , 27.294537105645983 , 138
769 , -52.716380419263075 , 31.286673645764733 , 100
770 , 3.0546414781069346 , 90.29459701853926 , 39
771 , 5.535353891751241 , 38.61283930746957 , 64
772 , -48.50888340913647 , 31.459970444129212 , 96
773 , 12.189298242413253 , 67.40645010492118 , 45
774 , -9.412243980060088 , 57.27189479813005 , 46
775 , -27.02881924851641 , 32.26661035245292 , 74
776 , 4.46155565597399 , 35.67338191299468 , 64
777 , 11.847458493821966 , 53.49330884566328 , 46
778 , 10.111838447127479 , 30.232780064876323 , 70
779 , -5.426288405654078 , 39.05490138648195 , 66
780 , 5.310529810428175 , 66.52120009998559 , 42
781 , -11.879905285454981 , 56.78635527540552 , 45
782 , 14.116546978437777 , 45.56087375072298 , 57
783 , -51.71722402965108 , 35.70805997720727 , 87
784 , -14.58267658296704 , 58.55066905163825 , 46
785 , -37.460288342233824 , 31.99207463819221 , 88
786 , -9.897795357734141 , 36.785514122841505 , 74
787 , -27.56680743440854 , 26.95277010915656 , 93
788 , -1.1783604206808884 , 47.656912795525635 , 51
789 , -26.35599504335705 , 26.357050645872082 , 110
790 , -38.29687779639668 , 32.353677586709644 , 87
791 , -13.628578084643841 , 40.86334660982265 , 59
792 , 3.766958337852654 , 51.65224658646852 , 45
793 , -6.4524806798026155 , 35.544217752720826 , 67
794 , -23.536880107489942 , 28.387066920022214 , 104
795 , -28.611206476128967 , 36.5709023353029 , 66
796 , -12.330582271791261 , 36.30168822727383 , 67
797 , -6.362751544983828 , 40.303111643760474 , 63
798 , -30.772740353529972 , 30.379194051858455 , 84
799 , -7.5501030803562585 , 52.47334113843317 , 52
800 , -8.720175147587481 , 48.57162571606206 , 55
801 , -4.691984476193306 , 30.310083510821435 , 80
802 , -14.269139721826742 , 35.35692741849777 , 73
803 , -9.899318340128993 , 35.50468368395374 , 73
804 , -15.103407677433525 , 38.4353942737289 , 65
805 , -15.737632513695484 , 29.57260641930849 , 76
806 , -20.968544635873062 , 33.163698408570795 , 74
807 , 8.161812243286697 , 57.782997389379844 , 48
808 , -44.270105636874256 , 29.0299183111191 , 153
809 , -28.819228307371834 , 33.47537211456308 , 72
810 , -4.561232874131882 , 42.6440185751891 , 62
811 , 8.632216414209553 , 58.3491028674979 , 46
812 , 10.081297129388682 , 37.62012808141532 , 63
813 , 4.309788715096601 , 82.24009312724702 , 41
814 , -6.517705002464789 , 41.31278518306185 , 60
815 , 3.698978043507042 , 51.44780306956016 , 56
816 , 6.131841359293958 , 85.2257303576581 , 42
817 , -9.119601446700543 , 64.32106430483218 , 43
818 , -8.361776848445304 , 31.254678143227405 , 79
819 , -12.589697742398439 , 33.79081507397994 , 68
820 , -16.98973117534404 , 43.69480374192571 , 57
821 , 5.673655910767144 , 62.555076871414414 , 45
822 , -17.592900950405127 , 31.17739661274133 , 86
823 , -23.022671298187007 , 77.48919694702461 , 39
824 , -17.387111703746175 , 40.037814376510276 , 66
825 , -28.490455537035274 , 26.638690791505613 , 90
826 , -11.854154336695862 , 40.88792444562088 , 61
827 , 19.09149823994047 , 32.80716424216074 , 63
828 , -37.68571378930716 , 33.86058314522029 , 94
829 , -15.663370774435519 , 37.25843519570276 , 65
830 , 6.367011449137486 , 43.454824990058256 , 54
831 , 2.9941414613034225 , 79.30190366643912 , 40
832 , -22.19220504122984 , 34.26700167933731 , 79
833 , -100.4184549732767 , 41.24996564162656 , 102
834 , -18.984517070937674 , 36.36159388586506 , 78
835 , 6.739492211137231 , 53.79889561920053 , 48
836 , -69.65164865357497 , 31.802711569330818 , 132
837 , 6.717007287062018 , 40.49893067267064 , 55
838 , -54.00553656251183 , 34.17369902709992 , 94
839 , -4.829862032695728 , 36.59196166499772 , 60
840 , -19.810087852813588 , 28.3149547598633 , 109
841 , -14.662792735998842 , 33.93316758964558 , 86
842 , 14.763659322003145 , 41.52571168004595 , 56
843 , -3.7039424331673607 , 51.42023405780014 , 50
844 , -11.40877821156501 , 31.537059832222425 , 77
845 , -24.84460340641501 , 39.85635150786753 , 60
846 , -41.81779707715762 , 28.31984958540087 , 109
847 , -11.449024230173167 , 40.60440760335129 , 60
848 , 6.5492522239217905 , 37.11123287208635 , 57
849 , 0.4591710843472949 , 58.62396467842499 , 47
850 , -15.120741102026187 , 41.4406376736155 , 63
851 , -2.614708468328272 , 63.54344359477487 , 44
852 , 3.7282913526158348 , 43.88532422187762 , 61
853 , 0.7546990085604063 , 53.42536497363948 , 52
854 , -49.345780088587155 , 28.754541268188913 , 118
855 , -13.594636462592236 , 25.08555724542874 , 110
856 , -38.461847094536694 , 32.57032700053638 , 90
857 , 1.9288713633452004 , 45.14092550237557 , 53
858 , -49.192561181588054 , 36.23689013811651 , 77
859 , -13.029697671679727 , 37.6168615276241 , 75
860 , 2.9311215941288395 , 50.756380588850284 , 49
861 , -3.6001486600850883 , 39.29505426010702 , 62
862 , -35.085469682578456 , 35.0439593392138 , 78
863 , 0.6146756215405798 , 49.026245007543075 , 51
864 , -19.375507472988204 , 29.348945082552046 , 76
865 , 10.141923250180797 , 75.37857431406478 , 40
866 , -12.840905047785046 , 36.21332508875698 , 70
867 , -5.98355607060865 , 39.67128766040199 , 67
868 , 11.6973253559681 , 45.481706255480304 , 58
869 , 13.429934041170618 , 63.850391897542124 , 44
870 , -45.44914806243001 , 36.87672612217046 , 72
871 , -22.34144309684913 , 29.196889666815707 , 111
872 , -3.213603705533584 , 27.024592036138124 , 83
873 , -11.703604963020537 , 32.46730860735526 , 75
874 , 2.6678618795301516 , 36.467292061770586 , 62
875 , 1.2612908853005784 , 38.845893553243556 , 59
876 , -1.6694995292181054 , 41.624716792845035 , 62
877 , -10.894359500404132 , 35.14537921393806 , 77
878 , -47.77666724219397 , 31.855218662828637 , 147
879 , -1.342668213376175 , 46.47888423822857 , 53
880 , 7.604961869674147 , 44.91226671047942 , 51
881 , -42.9682382574287 , 30.377476587180265 , 101
882 , -14.77143223906881 , 39.078946168368425 , 56
883 , -27.863811014544762 , 32.37426607186923 , 77
884 , -67.70802671321243 , 33.775049444692335 , 131
885 , -33.73477696728884 , 28.881457047171242 , 91
886 , -0.9649131465539511 , 44.87363526187784 , 53
887 , -55.43443319089282 , 36.64700364724813 , 81
888 , 11.266987283100105 , 45.11967450655978 , 53
889 , -1.9553600800880995 , 43.38016811971566 , 61
890 , -11.753927077338288 , 35.3306739869874 , 74
891 , -15.625853726198336 , 37.49692561360997 , 66
892 , -11.44251621403018 , 64.26749615311516 , 42
893 , -43.88328809905884 , 26.893132744499184 , 148
894 , 12.882089174461328 , 51.22627073590591 , 51
895 , -44.09533621107787 , 41.449932926534984 , 74
896 , 6.962107003324728 , 28.141876295805265 , 80
897 , -8.16487421737187 , 32.38120637971986 , 74
898 , 7.902978689743865 , 33.47343694671363 , 66
899 , 7.164797989219295 , 66.5020945656842 , 43
900 , 0.5085938127409873 , 36.40483174841526 , 67
901 , 13.245748736793182 , 45.247877849216174 , 55
902 , -6.145241009231484 , 34.07012997652223 , 72
903 , -78.85364893709573 , 31.530753212163965 , 143
904 , -28.53960943511843 , 32.83730395118903 , 76
905 , -80.14152673546972 , 35.683926028231994 , 108
906 , -8.861848659649768 , 28.44612030075841 , 94
907 , -13.070221843508389 , 33.23454765866657 , 71
908 , -0.001792021072340333 , 41.813359604782995 , 58
909 , -29.37367285814924 , 38.5551342927304 , 73
910 , -22.89039453490811 , 33.5755684530771 , 83
911 , -17.023061233503135 , 33.78183588033406 , 80
912 , -7.740822828913747 , 40.334766357648945 , 62
913 , -2.507518223359376 , 28.224332869467954 , 74
914 , -13.98344043401317 , 25.612399008534002 , 132
915 , -60.55260877604537 , 31.324610410884393 , 108
916 , -23.43613522893695 , 34.38277767947382 , 73
917 , 8.144985242319162 , 56.98468248176923 , 46
918 , 15.015846510437147 , 45.982929202784085 , 54
919 , -13.89191246371249 , 32.3465745525952 , 71
920 , 0.9947380691934136 , 47.38707075677857 , 56
921 , -10.422061812597882 , 24.595809962478445 , 83
922 , -27.96789554248351 , 35.1132972650575 , 84
923 , -12.638171179898702 , 41.59256425997501 , 62
924 , -13.108013370123995 , 59.83612159629614 , 43
925 , 2.398383259718414 , 49.10684334298156 , 52
926 , -23.03314051117866 , 35.89426685381313 , 65
927 , -24.227673351067608 , 28.96408369580445 , 118
928 , -32.620149806565415 , 31.27673237641085 , 73
929 , -4.197097881648526 , 58.76171050713913 , 47
930 , -1.2431910930186656 , 55.324526048325566 , 49
931 , -42.67672391534173 , 30.986595210193137 , 89
932 , -2.2926212845492673 , 43.9856074151385 , 52
933 , -45.85394419141301 , 29.5407966387046 , 119
934 , -67.67094657641773 , 41.12716113303859 , 73
935 , -34.081991454047134 , 36.08456606191956 , 90
936 , -50.19238148669007 , 31.54043195539116 , 109
937 , -4.856822182793191 , 30.360493570280344 , 64
938 , -29.55481598054654 , 29.289806693159655 , 77
939 , 14.075314650574875 , 26.440458951796316 , 102
940 , -6.5339527466064204 , 31.94529934221425 , 79
941 , 5.601927125015274 , 40.61608986979759 , 58
942 , -108.66981301255346 , 34.9932887811749 , 110
943 , 5.827997825460729 , 81.32012944763608 , 40
944 , -64.41274039120479 , 30.441847440289692 , 109
945 , 2.1623180263880135 , 101.23620244676687 , 38
946 , 11.157713463199286 , 34.723362695017656 , 62
947 , -3.1885088041759095 , 46.892762257160875 , 55
948 , -10.638320436684202 , 33.42190920275532 , 91
949 , 8.221616918803576 , 36.93404404970995 , 65
950 , 9.471709543667467 , 34.360216830838574 , 69
951 , -11.036505859325732 , 47.47272336238192 , 59
952 , 5.197702308591165 , 53.38062008899268 , 47
953 , -19.825330632423775 , 28.47285016084996 , 90
954 , -8.749626681388175 , 41.34577105421611 , 60
955 , -30.820446355090684 , 28.68342250876282 , 99
956 , -41.61018484468415 , 26.55824647828786 , 149
957 , -60.997601692476195 , 32.20074499727343 , 128
958 , 10.73085650876816 , 41.77007776679957 , 60
959 , 1.369668111920804 , 42.74632643824903 , 54
960 , -19.441210103016946 , 27.603968049823802 , 98
961 , 10.55373194187508 , 61.93215669518835 , 44
962 , 8.11155860675376 , 53.712180163865625 , 46
963 , 10.486112401548258 , 72.98623902922616 , 41
964 , 10.627672099873049 , 50.57777750448916 , 50
965 , -8.003535944262941 , 38.7076214965196 , 55
966 , 2.0227892294290473 , 52.16988781148567 , 48
967 , -11.1984936394833 , 28.807744317386813 , 94
968 , -0.6821582178521768 , 43.79086839374249 , 58
969 , -29.90890658283461 , 31.29319233629871 , 75
970 , -59.83223851022059 , 31.018155020509727 , 94
971 , -16.68759932525556 , 49.33725513338767 , 50
972 , -27.546409472511034 , 30.510155574451304 , 89
973 , -0.8221906420984435 , 42.12520501128716 , 54
974 , 1.6298154318185887 , 47.00590033093003 , 50
975 , 8.393252170468035 , 50.783143716772095 , 47
976 , -4.301893606908055 , 39.35460738132702 , 57
977 , -5.8350100854988245 , 39.8827202180818 , 58
978 , 6.0859969940416665 , 56.56432682040196 , 45
979 , -34.798532048754964 , 36.3544694521898 , 81
980 , -81.19887746671212 , 35.607203164091004 , 116
981 , -60.46191150596735 , 34.64609199773299 , 82
982 , 4.708521622328661 , 25.699738240471362 , 77
983 , 14.291619258146511 , 41.87404211676304 , 56
984 , -42.62545702628518 , 27.89776330988608 , 140
985 , -6.531885976390514 , 42.232102800712774 , 56
986 , 5.919843280399053 , 83.4219929181498 , 39
987 , -32.33802689544111 , 30.312683914818013 , 86
988 , -27.244911873957477 , 29.964317632460336 , 81
989 , -2.0567655558392 , 40.27630306701382 , 58
990 , -52.64107359786117 , 32.57987333986406 , 80
991 , -15.536830098478239 , 41.582154872551556 , 69
992 , -24.527725166411777 , 24.00046571868886 , 101
993 , -60.3896564564367 , 37.80053007227037 , 104
994 , 7.068245244662172 , 89.10505514173727 , 40
995 , -21.601519898219042 , 28.255666873600035 , 101
996 , -5.853087094683655 , 64.48719206343593 , 43
997 , -67.31381656029552 , 30.734927426794172 , 126
998 , -4.897469714346004 , 74.31653923761712 , 40
999 , -20.76372192841852 , 30.64278315100463 , 111
