Seed Value:- 61
1 , -216.07931413015066 , 0.8048960345675382 , 22
2 , -642.6173911130554 , 133.48411860220128 , 31
3 , -582.1102598363293 , 39.9390997152213 , 18
4 , -555.8859723896372 , 40.527841664030234 , 23
5 , -618.8543512729173 , 77.08481577092265 , 31
6 , -152.1059893507784 , 3.3447015842168604 , 20
7 , -535.2177956353555 , 87.86348547848 , 36
8 , -260.53733732850634 , 10.612280450638233 , 15
9 , -594.787733183233 , 55.325028848887875 , 26
10 , -156.9505366334449 , 3.681242739805875 , 23
11 , -207.15744434532695 , 14.637736494657029 , 34
12 , -221.61890330056775 , 21.000309173367004 , 54
13 , -176.94931471347832 , 12.62298000055782 , 56
14 , -142.114888521423 , 27.867625157052665 , 90
15 , -167.74023095760376 , 18.608293031925037 , 53
16 , -172.36667718960786 , 10.445131777367083 , 119
17 , -1.6927069627637021 , 77.67034588695162 , 42
18 , 31.25830666935766 , 41.39669054877062 , 74
19 , -143.98602622173894 , 47.9172748921156 , 88
20 , -170.69423726364738 , 18.720336406895157 , 105
21 , 24.054459067693784 , 38.40852258335137 , 47
22 , -238.51161023662166 , 26.820546794513806 , 81
23 , -169.00483052670873 , 25.653258407022832 , 85
24 , 12.07208525086744 , 78.20373686871763 , 38
25 , -94.8384333772304 , 102.22916755020314 , 202
26 , 753.5955339282925 , 88.92720809033132 , 1000
27 , 50.236072457448294 , 31.204814642549152 , 64
28 , 44.91929008299292 , 28.78260224773437 , 68
29 , 60.61003487188777 , 32.52370540843949 , 79
30 , 632.2362342083244 , 158.0481945768113 , 1000
31 , 42.013211860593444 , 32.36772811255471 , 74
32 , 346.311314061849 , 257.18632912926097 , 933
33 , 46.11729663268065 , 33.67332432932011 , 76
34 , 24.375067290284175 , 30.671723933137326 , 61
35 , 18.82939603413699 , 52.609917293920255 , 42
36 , 29.69449512811645 , 47.505357671470975 , 51
37 , 151.8902215226298 , 123.27010559871803 , 334
38 , 193.21443448618746 , 117.8475438231257 , 357
39 , 62.46981602288308 , 37.27489954561576 , 103
40 , 781.1219788273246 , 65.95550821194327 , 1000
41 , 59.39462864532858 , 25.166089445720868 , 85
42 , 70.75052876149478 , 31.52578917867282 , 101
43 , 33.690062918599935 , 36.663470207515054 , 61
44 , 33.14238503329216 , 41.17091087262946 , 55
45 , -1.2995217059412683 , 59.11337509537792 , 39
46 , 25.68605194445767 , 49.78461209883123 , 49
47 , 17.990848926724098 , 42.918074206215614 , 47
48 , 44.37950095495674 , 28.31790911050735 , 76
49 , 194.01722320562763 , 46.83198977072521 , 275
50 , 74.7221559552599 , 29.13834021844453 , 107
51 , 52.06947279278287 , 29.036401625014346 , 74
52 , 35.56207035371553 , 33.863064944607714 , 57
53 , 226.83439680486958 , 35.97928699413653 , 294
54 , 323.01678944261477 , 37.831097892802745 , 401
55 , 38.95493288701502 , 35.24219476493998 , 58
56 , 36.253753279243135 , 35.123029811039 , 63
57 , 15.987605863792439 , 51.19750148640236 , 41
58 , 402.1463051376431 , 67.51684569928427 , 505
59 , 140.31585833679208 , 29.522334404077508 , 186
60 , 262.144803573619 , 28.43253526967546 , 312
61 , 237.51515358594318 , 25.374383710822578 , 285
62 , -23.63699680183752 , 78.09262623091578 , 45
63 , 14.872508638488048 , 55.23377555049318 , 39
64 , 839.4005887053179 , 65.82865213352711 , 1000
65 , 49.92784910905726 , 38.18028095451065 , 95
66 , 64.23724149372968 , 27.483844144819773 , 78
67 , 44.750000662184966 , 31.232273937436133 , 59
68 , 606.3879552995851 , 51.71195215480344 , 715
69 , 455.3885582636186 , 79.5474801785603 , 591
70 , 17.76429384696143 , 45.73727873635291 , 47
71 , 58.4870833085392 , 32.17221608898101 , 86
72 , 25.34893397294567 , 41.85022410496588 , 43
73 , 19.545303699796328 , 49.44957829160956 , 39
74 , 445.58028747708937 , 67.51182243068043 , 555
75 , 382.49476479671955 , 45.941068976459526 , 453
76 , 208.38863721558317 , 30.7236136913348 , 249
77 , 34.329994450952 , 35.82759625086018 , 55
78 , 838.1789116271519 , 69.83301154972338 , 1000
79 , 473.5490378838651 , 34.31969713648973 , 558
80 , 44.54784597849485 , 28.73158384059284 , 61
81 , 21.258859629145043 , 47.02581298136845 , 41
82 , 140.9684265761744 , 26.28042706787986 , 164
83 , 325.8405705451175 , 65.90419586748133 , 416
84 , 279.56559369609766 , 32.09891745417833 , 334
85 , 124.49256728457834 , 31.005855916941698 , 170
86 , 787.8512392001463 , 106.99115251009255 , 1000
87 , 17.29160183456559 , 50.02576564455538 , 42
88 , 482.2751918556796 , 45.53124506743849 , 567
89 , 119.69606475764277 , 27.937623148403226 , 156
90 , 67.68802347371587 , 31.102346347021697 , 95
91 , 825.2268612660059 , 73.12711151729123 , 1000
92 , 142.99036674542407 , 34.8555269970891 , 205
93 , 36.28635907961552 , 31.186239921295957 , 56
94 , 8.111110887834457 , 37.268623633896425 , 53
95 , 50.19419633953405 , 27.92557609944279 , 69
96 , 26.57830018891416 , 34.61180771031716 , 44
97 , 28.71550797493749 , 36.52115245175858 , 47
98 , 42.30827794969296 , 31.93306735478902 , 74
99 , 23.94282118815543 , 45.65792187880225 , 43
100 , 457.7994771481429 , 45.513850168790356 , 549
101 , 53.518291640661545 , 27.780629771144557 , 81
102 , 64.84548740075404 , 30.644705285427968 , 91
103 , 75.0632024051665 , 26.98319713802242 , 95
104 , 45.82654837712936 , 34.074254677339866 , 66
105 , 846.1509317336412 , 52.84408980297866 , 1000
106 , 55.563938492148374 , 28.126867971554017 , 78
107 , 34.954522201363034 , 30.741943112739097 , 55
108 , 116.33476732164922 , 29.314032821226363 , 141
109 , 28.124969731672543 , 34.45203062726584 , 56
110 , 420.52706334231505 , 30.72027991606868 , 486
111 , 39.503257177054564 , 31.957593225690758 , 65
112 , 41.71980376274324 , 32.54794287970731 , 63
113 , 98.51830214533754 , 25.549437468036427 , 119
114 , 670.663617716039 , 49.42995263815026 , 796
115 , 151.55801476004055 , 31.05606177728396 , 200
116 , 183.29690457417288 , 29.053239878107387 , 228
117 , 850.7792679201158 , 47.46638751963678 , 1000
118 , 214.9716848437133 , 38.95151897578572 , 262
119 , 140.00554493354014 , 29.813905969638203 , 166
120 , 28.803919659628132 , 40.37825786349056 , 51
121 , 868.2442386646958 , 36.76467893547864 , 1000
122 , 40.0007140823735 , 38.21568974825289 , 61
123 , 285.22882359398466 , 46.03471022724403 , 351
124 , 219.04540470382963 , 34.29768751363501 , 260
125 , 135.15881646187023 , 33.34468834545172 , 186
126 , 19.81710752102751 , 39.809404162095184 , 54
127 , 61.76246840333386 , 32.826253177296785 , 81
128 , 29.668274905329113 , 34.665085851105815 , 49
129 , 47.18495257229282 , 37.09607814105092 , 64
130 , 863.3766193751522 , 56.44413067595537 , 1000
131 , 182.70423956637194 , 29.38099044818692 , 231
132 , 160.64984556128192 , 27.59354418761278 , 194
133 , 36.14013709879174 , 45.35512581149595 , 54
134 , 34.372098701669174 , 39.71120004131979 , 46
135 , 79.72122718453286 , 27.575228728148613 , 98
136 , 212.3545140206306 , 34.235905210574025 , 255
137 , 849.4478595205827 , 37.59659278176241 , 1000
138 , 36.67240066470239 , 37.604149907708546 , 49
139 , 34.54045524532176 , 39.40172074084397 , 45
140 , 44.7157260115271 , 35.48087226782878 , 58
141 , 45.12200626153007 , 33.70221537082139 , 66
142 , 63.013451042595435 , 29.69946545665656 , 82
143 , 294.6318890619696 , 30.25362348122464 , 350
144 , 55.88495977448987 , 33.05771764653254 , 81
145 , 121.05083888893525 , 22.92760818654665 , 137
146 , 35.87449064143248 , 37.50557145769651 , 48
147 , 45.64456343107883 , 37.486611043939575 , 58
148 , 56.03026319270177 , 29.56960742991255 , 72
149 , 28.141573874525612 , 44.67456221516823 , 43
150 , 74.74353209577778 , 24.258746449695895 , 90
151 , 66.880859221271 , 28.80746775712762 , 82
152 , 82.79412135209859 , 31.08105186457383 , 105
153 , 89.14401633510906 , 29.529609765382716 , 112
154 , 861.3475623949685 , 52.765562084514315 , 1000
155 , 10.06475655181044 , 38.04853119966696 , 59
156 , 98.19984877026224 , 28.95280531345895 , 117
157 , 58.25120851969223 , 29.589290216374064 , 75
158 , 46.409765634330206 , 29.17297792000998 , 62
159 , 43.61354909477047 , 28.6562941578198 , 67
160 , 45.423877404805964 , 34.912058303483825 , 59
161 , 282.1321133049816 , 36.14679580809135 , 329
162 , 131.31762756636408 , 25.506121037206277 , 161
163 , 869.8328805055788 , 49.54900322980728 , 1000
164 , 876.4142148228442 , 36.80145331298838 , 1000
165 , 45.37509894187485 , 31.255214065188127 , 63
166 , 34.0914602751989 , 34.341772515033384 , 54
167 , 54.56405945736893 , 31.508541755099213 , 76
168 , 875.0689359954648 , 34.42580331548058 , 1000
169 , 38.7909506645277 , 33.397647908293344 , 58
170 , 40.665084766723034 , 35.53849050497516 , 53
171 , 341.2520557839478 , 43.3692210576014 , 410
172 , 55.02431766905872 , 33.03883336562124 , 86
173 , 67.43077303027525 , 30.388932147543535 , 93
174 , 233.78488121108361 , 37.794450450488796 , 290
175 , 39.46751485489388 , 32.095915033736524 , 54
176 , 48.67290742805006 , 30.641556470255974 , 61
177 , 32.293002750987526 , 44.55141580441348 , 46
178 , 235.4286070842898 , 53.33576434304985 , 288
179 , 149.21833233291906 , 26.957855602537236 , 182
180 , 25.313336239021577 , 38.70198802059089 , 53
181 , 844.1325280260714 , 95.94809318703376 , 1000
182 , 31.738966766945428 , 46.67119177170098 , 42
183 , 213.00722389082182 , 27.17465757338065 , 255
184 , 83.14944518803505 , 31.223441196131983 , 102
185 , 46.53329026333714 , 30.498521147306096 , 57
186 , 121.93797938915935 , 26.675426957685378 , 144
187 , 153.6530496481584 , 26.454648930457186 , 178
188 , 67.78030497662563 , 27.047583648194784 , 90
189 , 42.26549545402106 , 37.75461367069913 , 58
190 , 31.73015341808266 , 44.8980162797864 , 43
191 , 48.235883345584824 , 29.171245290483505 , 69
192 , 69.07456039427706 , 26.43925001976403 , 85
193 , 27.818051069832038 , 48.52642864681261 , 42
194 , 75.65872005454227 , 31.942818954806082 , 100
195 , 69.49245833261863 , 31.900948860919623 , 93
196 , 190.07710210794033 , 32.87255271341157 , 226
197 , 137.65194540480047 , 27.493461137305143 , 177
198 , 564.758196842381 , 31.726762945527376 , 652
199 , 304.66031485843956 , 48.5095105578409 , 366
200 , 155.91607313878572 , 29.358129875416044 , 198
201 , 146.1645858432347 , 27.23331491511911 , 169
202 , 43.44357497943888 , 28.944467976944427 , 56
203 , 35.108668121131494 , 39.39696782613829 , 49
204 , 39.23608920686404 , 37.73497387345028 , 61
205 , 189.4106231035305 , 29.026999321160602 , 227
206 , 134.168849864515 , 30.646413853091428 , 165
207 , 834.110442018223 , 69.8947309697578 , 1000
208 , 88.01349500011989 , 28.35710490780767 , 107
209 , 48.309088868173525 , 28.82362213235676 , 62
210 , 78.320465182271 , 30.424803770096354 , 104
211 , 55.485544221837465 , 26.426481042841683 , 71
212 , 857.3599290670345 , 58.12905187274899 , 1000
213 , 91.3244079049288 , 26.743638709104488 , 112
214 , 333.4665600909987 , 32.558627700858224 , 392
215 , 96.92705337047956 , 30.68535320531697 , 131
216 , 30.110055302058186 , 42.513892063116586 , 49
217 , 856.6356179351368 , 49.430436877972404 , 1000
218 , 850.5937937624478 , 55.84584271552877 , 1000
219 , 108.64239875654202 , 25.28518269791754 , 131
220 , 87.97250986825941 , 29.519380156593783 , 119
221 , 62.26563766875455 , 27.111960906706162 , 75
222 , 156.22500480415243 , 26.182318891757006 , 189
223 , 325.83958452838993 , 28.471013529117005 , 380
224 , 868.3656245866856 , 45.53112221197821 , 1000
225 , 871.36845059371 , 46.659458443804695 , 1000
226 , 868.5331731991014 , 29.126339505565632 , 1000
227 , 850.8045982128474 , 45.10820322655414 , 1000
228 , 585.7222308236263 , 33.62847953227743 , 681
229 , 224.7832074804858 , 26.68658057883693 , 268
230 , 42.141042885819246 , 30.184348579086006 , 58
231 , 297.2106808475123 , 29.569564902900012 , 354
232 , 532.8467014680684 , 35.88802343115414 , 622
233 , 38.00428645366933 , 35.6848607942551 , 57
234 , 122.45078235093715 , 25.484243280280676 , 162
235 , 722.7283313179219 , 29.962666640908125 , 836
236 , 69.8846912015035 , 25.307603097982767 , 86
237 , 858.5934102484614 , 38.87851596479881 , 1000
238 , 860.2808805844802 , 30.564187122371756 , 1000
239 , 857.2978444993473 , 55.980216693713615 , 1000
240 , 859.79262802219 , 36.82852792976829 , 1000
241 , 870.7827769608125 , 45.36028077636361 , 1000
242 , 39.94832847797547 , 32.18092526413118 , 52
243 , 841.115232343906 , 64.89629109578347 , 1000
244 , 19.204566373408426 , 50.374378006446975 , 44
245 , 250.84637129208602 , 46.571415116978876 , 326
246 , 61.84899087798178 , 29.529013637542853 , 82
247 , 868.2746327067158 , 32.80737984862713 , 1000
248 , 37.817857903544486 , 36.785099569311186 , 50
249 , 849.6298584201214 , 49.16667644235067 , 1000
250 , 858.2694536326038 , 43.74602812460126 , 1000
251 , 865.1864805945331 , 30.100161335030307 , 1000
252 , 862.4042112393756 , 37.855148834007906 , 1000
253 , 845.0607823862914 , 75.97984155847574 , 1000
254 , 852.6158394252756 , 38.971107394218706 , 1000
255 , 847.4484211815062 , 60.899139196318146 , 1000
256 , 199.81652182970151 , 25.708399401118847 , 244
257 , 82.80481812471508 , 28.942199471458352 , 108
258 , 34.678181963517964 , 33.77696191031988 , 48
259 , 863.090252602768 , 30.639513381113158 , 1000
260 , 230.68462158939408 , 30.450088234581692 , 286
261 , 864.6874519593393 , 32.16395628075536 , 1000
262 , 871.0538122353455 , 36.77532336345065 , 1000
263 , 869.9490823312987 , 29.170121118517464 , 1000
264 , 853.1514851764043 , 31.317765098385152 , 1000
265 , 48.80171461692551 , 27.980742111571512 , 69
266 , 852.2413149640212 , 40.12171829496627 , 1000
267 , 846.3935254095388 , 58.14897287776324 , 1000
268 , 34.14054981048084 , 36.96700560781677 , 50
269 , 866.2004588597974 , 34.08481427888137 , 1000
270 , 25.746304323741764 , 41.11365663981232 , 46
271 , 38.612684812674225 , 36.46171738912137 , 56
272 , 51.225624131411394 , 28.826293606095344 , 77
273 , 50.720050226671376 , 30.093348948801196 , 65
274 , 863.4739112313005 , 29.76378801787116 , 1000
275 , 131.6159961376194 , 28.05755832310678 , 161
276 , 43.328423112173816 , 30.246472274253254 , 66
277 , 858.6816041486809 , 35.52420405816301 , 1000
278 , 259.22836644098936 , 24.29116941958416 , 305
279 , 43.46458864846903 , 30.513710060587524 , 67
280 , 86.31054567072027 , 26.759333959743895 , 109
281 , 63.61166117158417 , 29.822244531715672 , 79
282 , 867.9624685572054 , 26.385630359125738 , 1000
283 , 51.73059872922474 , 33.7984007720315 , 72
284 , 41.64279958791464 , 35.0903011140369 , 62
285 , 36.82863524320424 , 29.335389168625156 , 57
286 , 191.75326293737817 , 25.762103172485414 , 230
287 , 294.982697138566 , 25.96634918250256 , 347
288 , 870.4934999171713 , 27.256613063375354 , 1000
289 , 23.581890061672453 , 41.55731082660852 , 45
290 , 865.8557433444873 , 26.609870819973604 , 1000
291 , 26.73773444256959 , 45.47769738842941 , 41
292 , 851.9235784714867 , 31.5174862653169 , 1000
293 , 52.43881398192013 , 31.999617382765795 , 87
294 , 143.6944329903214 , 28.820900312521275 , 180
295 , 39.48515080419834 , 34.01946340649437 , 56
296 , 856.6374535924608 , 37.128653976156095 , 1000
297 , 36.491866527465326 , 34.22182965651899 , 55
298 , 48.19352548841717 , 27.408940304447423 , 70
299 , 29.43355771629735 , 45.33876433591428 , 43
300 , 863.7806407274787 , 42.44099579063081 , 1000
301 , 851.7334167727612 , 28.914484357534217 , 1000
302 , 857.7063126208957 , 34.39093624753985 , 1000
303 , 43.78543677049263 , 38.645497758920555 , 67
304 , 855.0185105281595 , 34.717676929447066 , 1000
305 , 52.618392160916265 , 29.808714612811787 , 69
306 , 856.2844409875295 , 42.73662577063204 , 1000
307 , 37.11048960262082 , 33.01035785765961 , 52
308 , 858.9168016813259 , 47.20016261891723 , 1000
309 , 876.9098893703069 , 30.230286585468725 , 1000
310 , 856.4356775793129 , 61.50746076791655 , 1000
311 , 213.19859583112898 , 27.701920358922717 , 263
312 , 852.8566729250874 , 53.834601112009445 , 1000
313 , 60.85870564656425 , 28.564301371939706 , 79
314 , 53.31628231970435 , 29.08166384561497 , 71
315 , 857.0398240249007 , 50.50574644148659 , 1000
316 , 51.0796776654331 , 28.204544736909327 , 70
317 , 852.348636359203 , 31.71312615236506 , 1000
318 , 865.409613746233 , 27.579376961182703 , 1000
319 , 39.59679673563678 , 31.906001055280964 , 57
320 , 69.52410286238836 , 30.049202594968833 , 94
321 , 855.648156680864 , 33.966279620191955 , 1000
322 , 41.36200384913886 , 32.82654502200594 , 68
323 , 860.191340018194 , 33.288613596374944 , 1000
324 , 862.5417058060033 , 32.653164651213714 , 1000
325 , 29.35399119372428 , 39.80801676679539 , 46
326 , 28.171419589376942 , 44.63829921067006 , 43
327 , 852.501510727345 , 32.65223600673611 , 1000
328 , 854.3849131528672 , 50.72855983745219 , 1000
329 , 42.50582344617415 , 29.30005386240312 , 65
330 , 863.8081109634184 , 32.207452006233304 , 1000
331 , 23.827854600060014 , 43.87764246431728 , 44
332 , 23.7667156569611 , 42.72186421171931 , 46
333 , 31.68322424780651 , 31.56039709896795 , 57
334 , 19.93335292757964 , 45.61370708910914 , 43
335 , 863.6009617533339 , 31.146152644246396 , 1000
336 , 854.1360594698004 , 30.00614108727395 , 1000
337 , 862.2525771984734 , 31.768885909842272 , 1000
338 , 38.90839744983361 , 32.848511810411935 , 59
339 , 871.8106666204084 , 30.384083317276474 , 1000
340 , 46.24126032880264 , 29.287963069474184 , 75
341 , 857.0516327715596 , 29.531340199395753 , 1000
342 , 62.480348935926266 , 30.91448443040419 , 89
343 , 45.59926776327368 , 27.78458309555513 , 64
344 , 845.2273275449116 , 45.72389475904514 , 1000
345 , 227.5164387772475 , 28.98811381079126 , 287
346 , 44.53404052463456 , 29.84982807009186 , 66
347 , 146.94355786286835 , 24.71785355268806 , 174
348 , 46.57692590970071 , 29.26475548657605 , 69
349 , 38.20636266290555 , 32.869045378948485 , 53
350 , 44.44880306993122 , 29.121270018169522 , 71
351 , 74.71292703624705 , 25.56998597347959 , 98
352 , 51.42346317349424 , 29.559345482840886 , 69
353 , 209.59402084994227 , 27.59356628464626 , 262
354 , 859.6252518031549 , 31.219295764868072 , 1000
355 , 865.0280111429768 , 49.88202889530102 , 1000
356 , 826.6613672130691 , 57.277637851756296 , 1000
357 , 846.7628350465556 , 49.01783123742957 , 1000
358 , 862.7875929128099 , 49.07810325493678 , 1000
359 , 849.2436733692193 , 50.51897144930056 , 1000
360 , 862.1058473958524 , 46.20076386458905 , 1000
361 , 873.6399135819537 , 34.1258726404027 , 1000
362 , 115.98854096303225 , 28.482312652777445 , 154
363 , 855.8678928763551 , 49.21952016031387 , 1000
364 , 867.6958071152369 , 27.17370354822628 , 1000
365 , 854.4080976964935 , 45.2204752197168 , 1000
366 , 28.089647829952046 , 34.61629919657769 , 49
367 , 59.879475921366165 , 30.31030206019606 , 90
368 , 873.8487026647879 , 29.731245421081965 , 1000
369 , 853.0474338691154 , 44.758470509797796 , 1000
370 , 866.0853047314542 , 28.46906494023699 , 1000
371 , 41.43442314208495 , 27.339605807132 , 59
372 , 838.6651260203297 , 73.83695018878043 , 1000
373 , 35.10756868767472 , 31.659172795541007 , 52
374 , 34.969923527317405 , 32.08324492334715 , 56
375 , 850.5962489254249 , 39.6195220363969 , 1000
376 , 857.1468570922298 , 36.07853483156938 , 1000
377 , 867.8908931998789 , 33.13057021075753 , 1000
378 , 15.402584302307888 , 38.264616752410575 , 49
379 , 865.5758118374034 , 29.228270305427188 , 1000
380 , 863.911406521134 , 32.185665780540994 , 1000
381 , 861.3206652782312 , 66.72060009259734 , 1000
382 , 832.4330834698916 , 65.18588956295915 , 1000
383 , 841.0743155375358 , 40.30470129444541 , 1000
384 , 865.3499068811926 , 41.73838098882291 , 1000
385 , 836.4852634395465 , 62.90051667334828 , 1000
386 , 23.252034421138546 , 38.94509151710401 , 47
387 , 845.7660570196142 , 59.27539491371317 , 1000
388 , 832.1211856877726 , 72.11672245468361 , 1000
389 , 869.3511245836341 , 36.71094668104082 , 1000
390 , 861.1947952029517 , 33.64896449291251 , 1000
391 , 867.9467134166282 , 32.281006866942974 , 1000
392 , 12.650577088063788 , 48.692380679418065 , 47
393 , 36.46618445679441 , 35.06595173849774 , 50
394 , 53.41194699434784 , 27.68174132861285 , 82
395 , 874.7225099574594 , 36.94945751757224 , 1000
396 , 794.9123049436995 , 35.59735834281833 , 945
397 , 164.67593245399988 , 28.58254580817007 , 207
398 , 858.5487946717908 , 46.74877027357263 , 1000
399 , 871.8663443262064 , 33.01739900522513 , 1000
400 , 842.60637112027 , 35.29621989572723 , 1000
401 , 841.5592003772147 , 39.50077275537682 , 1000
402 , 828.7663575404108 , 61.83958209290983 , 1000
403 , 850.7918018691403 , 37.02983171285402 , 1000
404 , 873.0370949788529 , 30.680582647741993 , 1000
405 , 862.2851855968471 , 29.196250072869525 , 1000
406 , 37.48060503746567 , 32.56480681829738 , 58
407 , 847.7027047028325 , 43.3356151336265 , 1000
408 , 864.264127152153 , 31.594596222134292 , 1000
409 , 839.0936032430315 , 59.449110789586264 , 1000
410 , 857.6181552742576 , 32.00680761679063 , 1000
411 , 873.7351932643375 , 31.053797465375343 , 1000
412 , 870.0828770718032 , 27.387320460940803 , 1000
413 , 842.2077218137111 , 43.31638906518704 , 1000
414 , 836.6269162445299 , 52.13807373069429 , 1000
415 , 848.194888765314 , 40.01390405023898 , 1000
416 , 871.8506984286955 , 29.012051746249053 , 1000
417 , 860.4313616615834 , 36.63670037453135 , 1000
418 , 882.9850201831129 , 26.137261004825024 , 1000
419 , 844.0245975416539 , 46.87515213395682 , 1000
420 , 844.8319276983011 , 54.0086935915586 , 1000
421 , 216.46737175324188 , 30.223081734337192 , 268
422 , 854.490867114681 , 27.324639747976995 , 1000
423 , 34.03912568612028 , 30.326213936553724 , 57
424 , 836.526858728892 , 59.20254317339323 , 1000
425 , 872.7405538645796 , 39.09726001170366 , 1000
426 , 847.463480165257 , 39.7730735997066 , 1000
427 , 851.9030178953599 , 36.998991940918074 , 1000
428 , 859.7945839782577 , 37.051061562420415 , 1000
429 , 31.65157078787543 , 34.835607677173506 , 68
430 , 643.3584483171288 , 41.17598335432273 , 757
431 , 867.5981624177143 , 32.21194722162209 , 1000
432 , 850.9774772368927 , 40.89493137468029 , 1000
433 , 850.8230873412589 , 38.81809973546395 , 1000
434 , 695.9652490791657 , 33.46510282191118 , 833
435 , 34.584535627215814 , 40.5054687693563 , 46
436 , 31.908144907695256 , 36.42919088938361 , 58
437 , 202.9985556183394 , 30.14793719848913 , 254
438 , 848.6539574373517 , 60.167099502185565 , 1000
439 , 856.7419949890659 , 51.110947192809114 , 1000
440 , 863.3705563002746 , 33.92326940194247 , 1000
441 , 864.3622002252135 , 31.582268982343326 , 1000
442 , 851.3289936466462 , 32.07104977341466 , 1000
443 , 870.5075479066395 , 32.61906481726678 , 1000
444 , 848.3393805147474 , 48.83682268849167 , 1000
445 , 37.14069304763977 , 34.248406839521294 , 53
446 , 838.8398137830552 , 57.544901853452465 , 1000
447 , 858.4215408228207 , 37.314134319145275 , 1000
448 , 24.469066534282778 , 37.771011562271354 , 47
449 , 869.2661841502315 , 38.45268696303791 , 1000
450 , 32.53103807339216 , 36.87521191863966 , 56
451 , 849.4184029103728 , 69.31001648541667 , 1000
452 , 29.18127903817676 , 46.01051173362618 , 45
453 , 868.2686979361985 , 36.64016695555865 , 1000
454 , 852.6354493499135 , 57.19408023778231 , 1000
455 , 848.3901475507323 , 47.04480243775151 , 1000
456 , 827.989520230276 , 39.41209368755832 , 1000
457 , 854.561845747788 , 39.40138613897536 , 1000
458 , 852.2022890559598 , 52.895855256775214 , 1000
459 , 860.780797720605 , 46.139867039128085 , 1000
460 , 854.227073653214 , 34.85884011052021 , 1000
461 , 850.3294954082222 , 40.77754455624256 , 1000
462 , 31.878710625608857 , 36.22003810086723 , 59
463 , 854.2539132714898 , 60.109060010893685 , 1000
464 , 36.92818297405302 , 33.65145229302436 , 69
465 , 852.850653326817 , 33.71111077113363 , 1000
466 , 17.049793011120315 , 39.49909864156211 , 49
467 , 853.7633337440564 , 30.36867582007513 , 1000
468 , 854.9218788239501 , 35.3428183971665 , 1000
469 , 849.2951067301366 , 53.705674925042814 , 1000
470 , 850.824307119199 , 70.15833176937801 , 1000
471 , 30.14582285524286 , 33.952208892656536 , 61
472 , 840.7726389157738 , 55.15260161582703 , 1000
473 , 853.8479167142095 , 33.65043782247439 , 1000
474 , 848.6632713182948 , 34.64501790993056 , 1000
475 , 440.45108758813694 , 34.695748612170476 , 518
476 , 846.1096298728257 , 40.74034199430794 , 1000
477 , 32.89189337878778 , 50.08780832233544 , 44
478 , 860.2272825105293 , 29.486340923505317 , 1000
479 , 38.88022903779672 , 31.73321166682609 , 60
480 , 859.2018810023079 , 34.848249593463414 , 1000
481 , 31.154414183589406 , 43.57652186115988 , 43
482 , 865.1151859950905 , 33.21164652302241 , 1000
483 , 853.1547445963907 , 47.96173515711423 , 1000
484 , 820.1337892412408 , 44.179111755383644 , 1000
485 , 867.5008980492211 , 35.566460850998794 , 1000
486 , 867.9321291276814 , 28.742377743920134 , 1000
487 , 21.79901283883739 , 36.583229377035266 , 47
488 , 680.7737986717699 , 32.443480037806935 , 801
489 , 32.06758285971028 , 28.559396204229476 , 60
490 , 844.6004169142336 , 42.86162641668704 , 1000
491 , 36.963358999190106 , 37.0351152310646 , 49
492 , 846.2540624550925 , 34.03620718720247 , 1000
493 , 842.8140091934793 , 33.754683953612826 , 1000
494 , 865.0941554008216 , 41.0970530806546 , 1000
495 , 841.3287974904149 , 70.09516677967142 , 1000
496 , 857.8492356049607 , 31.0505172024054 , 1000
497 , 139.58725781567887 , 29.403113128638818 , 187
498 , 860.3877869945651 , 40.48935392915158 , 1000
499 , 865.9822052087484 , 58.344571896167444 , 1000
500 , 39.27593089101059 , 31.045236626685917 , 59
501 , 843.3346834906079 , 50.02101947849949 , 1000
502 , 20.78848733874137 , 36.003544675756615 , 57
503 , 855.6803729823973 , 49.376491497080515 , 1000
504 , 842.442456040953 , 87.45305254390645 , 1000
505 , 859.1582721538258 , 66.89322108003218 , 1000
506 , 487.5221434508596 , 41.32283279084383 , 603
507 , 862.3298943967769 , 50.4074627408585 , 1000
508 , 858.4870980370582 , 55.57676109064517 , 1000
509 , 848.991031507439 , 40.79385675564051 , 1000
510 , 830.5665381789635 , 88.33371455428639 , 1000
511 , 850.9575995429028 , 41.17367442886037 , 1000
512 , 859.300514251923 , 32.63070000833552 , 1000
513 , 864.0516382265586 , 45.533281429268904 , 1000
514 , 852.7611777889589 , 34.43581754528822 , 1000
515 , 248.40313721084283 , 29.08556214568984 , 312
516 , 863.3992950663347 , 39.45072700079219 , 1000
517 , 30.80968146619665 , 34.41261262557152 , 58
518 , 827.1528177287521 , 39.57050995270821 , 1000
519 , 861.4309418557375 , 45.539996662292516 , 1000
520 , 29.800515210136595 , 44.42427682570007 , 45
521 , 862.9405520327415 , 38.7169012573533 , 1000
522 , 827.7014312548309 , 50.81904495458637 , 1000
523 , 844.8387767800504 , 49.26945409865601 , 1000
524 , 31.29479125538766 , 37.41547502363529 , 48
525 , 582.9758262958145 , 37.62675491629732 , 703
526 , 867.5301240095648 , 39.01264190008277 , 1000
527 , 849.9169473835675 , 39.890608356359316 , 1000
528 , 835.0997844330061 , 52.91457448907618 , 1000
529 , 852.6659494203088 , 47.89234655741705 , 1000
530 , 862.4108139616694 , 34.43033081418642 , 1000
531 , 860.6614290952602 , 49.47070840364529 , 1000
532 , 856.1291757401897 , 51.11052581340041 , 1000
533 , 845.5923060955141 , 44.54837464054953 , 1000
534 , 866.4407415183301 , 33.00044786948556 , 1000
535 , 870.4153528020703 , 38.69397757167328 , 1000
536 , 40.52005354196194 , 29.95747833493328 , 73
537 , 776.6754915321418 , 34.299022416114326 , 906
538 , 819.5615705344674 , 80.63465647986826 , 1000
539 , 865.826071771217 , 42.48552560413997 , 1000
540 , 868.3524082646418 , 35.16321243565249 , 1000
541 , 862.2664487230495 , 41.95138304171764 , 1000
542 , 34.45291769562012 , 37.15482133423919 , 51
543 , 30.569484133494846 , 29.333853357612455 , 56
544 , 838.2746417477241 , 96.36538013412368 , 1000
545 , 840.5421026268066 , 66.18655833256437 , 1000
546 , 849.0724584840191 , 70.78541900556561 , 1000
547 , 858.285973994247 , 37.48849216672534 , 1000
548 , 832.1361510634177 , 57.313674955572104 , 1000
549 , 821.5858061170662 , 47.815783057002555 , 1000
550 , 864.093300239837 , 36.708891679194316 , 1000
551 , 851.1621499542894 , 57.31115741825214 , 1000
552 , 33.77861946314157 , 38.769476078206296 , 49
553 , 851.2974842452073 , 37.12031819026493 , 1000
554 , 828.0512238459138 , 86.57488860083281 , 1000
555 , 855.7561965530348 , 36.161962047933464 , 1000
556 , 858.058511448151 , 54.85116657822799 , 1000
557 , 835.089180487079 , 60.38654006601757 , 1000
558 , 868.2083335462572 , 58.96543905993829 , 1000
559 , 853.9266235595506 , 36.64519761448858 , 1000
560 , 867.4431887261757 , 32.330871036845735 , 1000
561 , 231.68384594225859 , 41.776803996901826 , 318
562 , 52.42146313404527 , 34.05294057022902 , 90
563 , 861.1449808474514 , 58.90261658841202 , 1000
564 , 847.9548464196655 , 42.997076422942186 , 1000
565 , 868.4635357072642 , 37.900855421757086 , 1000
566 , 863.8474232945935 , 47.19069633367877 , 1000
567 , 840.485078092814 , 57.06088179909241 , 1000
568 , 866.1552066017159 , 36.922306624720875 , 1000
569 , 27.021863759456203 , 44.10879341110518 , 45
570 , 829.1447401274393 , 42.30123001598224 , 1000
571 , 844.7335858441751 , 39.22880129063754 , 1000
572 , 869.0618791887274 , 30.270280331464196 , 1000
573 , 265.82045937135774 , 33.03778095420317 , 326
574 , 831.4510936776925 , 56.261470707783886 , 1000
575 , 847.4314149894986 , 32.44784120703962 , 1000
576 , 852.4854994282867 , 31.887671121317464 , 1000
577 , 44.043990479867084 , 30.232919847936827 , 65
578 , 30.38758221808011 , 38.92511932139454 , 52
579 , 32.72924722739374 , 43.84758963104136 , 43
580 , 843.1940846333669 , 52.502801724842485 , 1000
581 , 835.8197818152556 , 82.43655555296841 , 1000
582 , 832.8565707036087 , 36.54425170451653 , 1000
583 , 33.28368624002067 , 32.80951712083241 , 58
584 , 837.8290971897147 , 39.817572100323936 , 1000
585 , 862.3884638712149 , 54.809919968514656 , 1000
586 , 844.1005429956572 , 62.92927070160066 , 1000
587 , 6.3050506618579085 , 56.93821594176695 , 43
588 , 838.7690336847123 , 60.50176262417173 , 1000
589 , 856.3405313482234 , 45.516471713268146 , 1000
590 , 857.1171207091627 , 58.57752429609522 , 1000
591 , 853.1403402234964 , 66.67741039068716 , 1000
592 , 526.4288936040882 , 39.84594561124781 , 655
593 , 834.1213468469376 , 38.599844375202665 , 1000
594 , 873.825313812625 , 19.801078965367953 , 1000
595 , 21.9814498543223 , 31.00643238564196 , 54
596 , 843.3465159560956 , 54.984219564364466 , 1000
597 , 706.7318794577569 , 30.503264653057524 , 832
598 , 855.0596361536627 , 34.84628814359075 , 1000
599 , 16.01730994136269 , 39.28517216648168 , 49
600 , 29.820893489817543 , 51.234892430368745 , 42
601 , 27.032106097918824 , 33.61405234575155 , 58
602 , 865.2663929611276 , 26.493119021309194 , 1000
603 , 858.918925225342 , 37.52718275406852 , 1000
604 , 860.9320232384393 , 56.66617227183602 , 1000
605 , 46.02577339234325 , 27.00222571129488 , 64
606 , 863.7183087834609 , 36.69416186844473 , 1000
607 , 812.1392447246947 , 90.73242042901815 , 1000
608 , 854.0417996710379 , 36.012024120912535 , 1000
609 , 26.07795279001845 , 40.887934937570066 , 46
610 , 853.417974998108 , 40.004054034860964 , 1000
611 , 47.22591194817414 , 33.37818218459432 , 87
612 , 842.9814509262676 , 35.99844725959596 , 1000
613 , 845.0533857715925 , 55.18150212243693 , 1000
614 , 41.922000224524105 , 31.079912560191445 , 67
615 , 864.1473815421409 , 43.51335347360234 , 1000
616 , 202.06317546898654 , 32.150769812466955 , 262
617 , 874.8387935505366 , 37.90904434549938 , 1000
618 , 852.7679487579908 , 35.00299190155543 , 1000
619 , 854.1539635532224 , 46.34139182566272 , 1000
620 , 855.716926891831 , 48.440214490316265 , 1000
621 , -14.217367193262852 , 53.08922125986487 , 45
622 , 849.5443450598001 , 67.00806748747009 , 1000
623 , 821.8592845214274 , 54.129123185144906 , 1000
624 , 18.919159664786733 , 44.16914171785061 , 56
625 , 331.79405291505105 , 40.308659584229076 , 392
626 , 291.02698741217216 , 27.096733738710594 , 342
627 , -2.8410270341424435 , 46.127382417648995 , 46
628 , 839.5473995190315 , 44.08228957979855 , 1000
629 , 797.9169730446673 , 36.78005438768787 , 953
630 , 827.7380576564245 , 47.341173778877526 , 1000
631 , 836.810967269945 , 71.2336416514404 , 1000
632 , 27.346990277615195 , 33.91089982568997 , 47
633 , 26.096438905860833 , 34.98484119364409 , 49
634 , 30.138151510116927 , 37.85044632747423 , 46
635 , 815.0784487501398 , 41.339432083270935 , 1000
636 , 31.865960382052204 , 34.43014324633959 , 54
637 , 25.946333241661865 , 46.307725440963445 , 44
638 , 840.8769509481602 , 55.70017766309222 , 1000
639 , 865.2524338039141 , 45.21530339730971 , 1000
640 , 857.0848934882245 , 33.82804470988658 , 1000
641 , 22.039769876550842 , 47.26423300750652 , 45
642 , 29.023786580837815 , 38.94670675629338 , 50
643 , 855.6046268521714 , 42.62980191784579 , 1000
644 , 848.1937619061339 , 46.68553917943147 , 1000
645 , 29.256243825249747 , 41.49467825188339 , 74
646 , 851.7338273941621 , 47.88894277667334 , 1000
647 , 866.0267294688989 , 43.96442357239651 , 1000
648 , 30.964794563402897 , 44.834534071130285 , 43
649 , 30.786478026534077 , 35.884127966223765 , 48
650 , 862.2100719553413 , 60.79264757447482 , 1000
651 , 851.024405141264 , 56.59853769341028 , 1000
652 , 826.978524903933 , 47.83435252672102 , 1000
653 , 30.36516998336581 , 41.56472184620944 , 80
654 , 864.5364214075555 , 38.181889103448064 , 1000
655 , 651.2284614374264 , 33.7186893257278 , 782
656 , 837.6894849503137 , 70.1635993997271 , 1000
657 , 846.6700120977092 , 40.74394390652258 , 1000
658 , 846.1349230555609 , 60.739653724313875 , 1000
659 , 852.0234358942928 , 33.47786397583323 , 1000
660 , 866.736636858481 , 36.97071189150288 , 1000
661 , 864.1432078840047 , 37.17772139867462 , 1000
662 , 846.6960435831394 , 73.68052958003767 , 1000
663 , 193.70279752693054 , 31.938349533170378 , 248
664 , 33.53714310124942 , 36.39769530855927 , 54
665 , 853.3755136027847 , 37.94133252898917 , 1000
666 , 831.5556081911953 , 43.54141818918009 , 1000
667 , 36.47014834100381 , 35.62675677416239 , 48
668 , 865.0939929519413 , 34.61064236525929 , 1000
669 , 852.3095620510069 , 53.964918691024494 , 1000
670 , 859.6039090455431 , 49.953630516803564 , 1000
671 , 861.8176243409422 , 33.009824298660234 , 1000
672 , 838.2538372961625 , 40.42950697505046 , 1000
673 , 850.0375267772392 , 41.48367155785515 , 1000
674 , 32.910404813328185 , 36.98928166491455 , 45
675 , 851.8056634263548 , 38.55073957867156 , 1000
676 , 863.7220234658463 , 44.80155832649829 , 1000
677 , 843.254663275184 , 71.01492924722328 , 1000
678 , 831.2037106995213 , 48.530023962668686 , 1000
679 , 871.3544980095332 , 37.76542183811858 , 1000
680 , 861.5960841595816 , 37.06449334712708 , 1000
681 , 845.7340445358548 , 75.58755678156612 , 1000
682 , 843.8712014481291 , 48.14838240805134 , 1000
683 , 867.5031138546088 , 49.13811863089165 , 1000
684 , 869.9853395839073 , 25.17773361752799 , 1000
685 , 859.186299843342 , 38.73018805296134 , 1000
686 , 864.6796933944744 , 39.318085049268966 , 1000
687 , 862.0887130850641 , 54.45856293079541 , 1000
688 , 32.231543760385286 , 36.488753654256705 , 82
689 , 854.4570277562676 , 34.58006805411921 , 1000
690 , 36.9711200994853 , 30.03811886759847 , 53
691 , 31.50654662528655 , 42.124288390129905 , 44
692 , 862.263571389633 , 28.85084784860881 , 1000
693 , 848.8536899866655 , 67.67327662112125 , 1000
694 , 856.9150826093654 , 37.52774730764181 , 1000
695 , 859.5230948486059 , 28.383148500993517 , 1000
696 , 837.7393068126139 , 47.19268405767307 , 1000
697 , 54.0742783374984 , 39.1746279295926 , 106
698 , 863.0152133109522 , 39.26949934480973 , 1000
699 , 842.5299038409858 , 37.125271124931565 , 1000
700 , 850.698071533558 , 49.607227527116066 , 1000
701 , 836.0750871879056 , 49.65330094131628 , 1000
702 , 821.6093840712471 , 48.45834148731507 , 1000
703 , 860.1263682851423 , 54.66088169841844 , 1000
704 , 853.900005669532 , 71.897098035666 , 1000
705 , 836.0346919372663 , 56.18559489805821 , 1000
706 , 845.6220013849472 , 40.38927393866155 , 1000
707 , 829.9554491899552 , 119.05424195990817 , 1000
708 , 841.266885163 , 87.3757458390191 , 1000
709 , 832.3422365711677 , 36.08653731419 , 1000
710 , 836.144226764227 , 64.15335621401533 , 1000
711 , 865.1018648879284 , 37.73164251394533 , 1000
712 , 676.0015425709455 , 30.32263868161322 , 793
713 , 849.0894262508186 , 35.463931336068015 , 1000
714 , 28.99653830355979 , 49.91953510060497 , 41
715 , 865.151069986093 , 35.319806922361366 , 1000
716 , 846.0210998834062 , 54.46219904894033 , 1000
717 , 862.9796077094957 , 41.4300716917678 , 1000
718 , 855.3988025442795 , 46.74303175151502 , 1000
719 , 862.9892958930303 , 30.653158193033505 , 1000
720 , 823.2740599495899 , 54.95256623131376 , 1000
721 , 850.4401229892078 , 40.76283342508 , 1000
722 , 26.45660064185779 , 36.42986316449286 , 46
723 , 859.9166629490925 , 50.623276846807066 , 1000
724 , 832.9895281493565 , 61.785873115299296 , 1000
725 , 846.5286687111294 , 42.66088230915854 , 1000
726 , 841.9977368046136 , 60.62276445234221 , 1000
727 , 33.66797020907635 , 34.442185105477144 , 71
728 , 859.4656919256346 , 55.843248939952375 , 1000
729 , 857.2831666820462 , 33.53237066393127 , 1000
730 , 862.0932237371636 , 60.682590574887385 , 1000
731 , 394.84579456997295 , 51.15701627201025 , 475
732 , 870.8891081076099 , 29.35263333869571 , 1000
733 , 33.94758099356673 , 32.081993629157786 , 57
734 , 858.852686933286 , 64.24594343709546 , 1000
735 , 26.660233357221028 , 37.112964780374966 , 69
736 , 23.66531006009314 , 61.06130227581197 , 41
737 , 838.6422797010247 , 41.350636831872805 , 1000
738 , 273.74121095773125 , 30.822542855767885 , 333
739 , 837.9498248712554 , 53.28171853340864 , 1000
740 , 30.866592014663883 , 46.95092481259414 , 43
741 , 853.8445439756434 , 47.190155271442734 , 1000
742 , 868.3492370538421 , 30.313001649075886 , 1000
743 , 32.11766427266179 , 53.510976811660704 , 42
744 , 872.6241789518562 , 28.023302671272887 , 1000
745 , 871.3247462907035 , 27.08230393143626 , 1000
746 , 1.48510790926627 , 48.82387708284687 , 62
747 , 855.9131616682652 , 35.97586353499991 , 1000
748 , 866.0725533293141 , 41.06853318863628 , 1000
749 , 503.95519066084245 , 29.293857254191963 , 580
750 , 866.2246632671378 , 35.80308067675281 , 1000
751 , 838.0348597811981 , 44.71691355205097 , 1000
752 , 860.0118671422102 , 41.21787636058075 , 1000
753 , 853.3398589702347 , 58.34916038587854 , 1000
754 , 873.3245615620302 , 30.733957868676562 , 1000
755 , 849.2155986019515 , 56.037087102597354 , 1000
756 , 853.6274725492135 , 37.671208980277065 , 1000
757 , 862.2314306190855 , 30.794178897523125 , 1000
758 , 849.7169117002226 , 67.26677400564857 , 1000
759 , 856.3672335587175 , 29.36217053879012 , 1000
760 , 871.3040435572301 , 30.948811868293554 , 1000
761 , 851.2296044097117 , 68.3097066469877 , 1000
762 , 861.5204120113849 , 34.268526837365535 , 1000
763 , 30.017211762884603 , 48.83785770204278 , 42
764 , 847.4223764768877 , 40.41860751865828 , 1000
765 , 849.477970097255 , 40.712816284513444 , 1000
766 , 823.8387567889107 , 54.3388627397731 , 1000
767 , 865.5958964797721 , 29.67287301546657 , 1000
768 , 515.6132034139008 , 27.926246016288513 , 594
769 , 847.2935588720351 , 48.16213773415095 , 1000
770 , 19.190502280924377 , 49.237823287837095 , 44
771 , 863.152261572127 , 37.76951063234534 , 1000
772 , 871.8028764928202 , 31.7286069210058 , 1000
773 , 30.107209799660254 , 37.425068488001 , 52
774 , 31.741311498336167 , 31.423388687464964 , 53
775 , 856.4353604644488 , 55.07829067212308 , 1000
776 , 853.8546532129174 , 42.87061830183592 , 1000
777 , 820.0275063485104 , 70.51801740833517 , 1000
778 , 849.4882456660099 , 46.89541895405513 , 1000
779 , 860.030683488246 , 65.7646598854813 , 1000
780 , 19.75796251523193 , 41.73529472887345 , 44
781 , 34.418514747496616 , 38.65675910286767 , 51
782 , 843.3030334844386 , 60.47228921146149 , 1000
783 , 856.7408309941507 , 60.48163542400099 , 1000
784 , 805.8420607780994 , 107.33199484735408 , 1000
785 , 833.6238801865904 , 38.841684076761666 , 1000
786 , 857.0108929369472 , 61.99834298153496 , 1000
787 , 868.4815132471832 , 47.19340282819867 , 1000
788 , 211.13629594852378 , 33.05767424051898 , 282
789 , 856.7403480828567 , 29.18766892040893 , 1000
790 , 854.4879427233524 , 30.11462784907789 , 1000
791 , 829.3381230870132 , 95.12632900039456 , 1000
792 , 34.011380413452684 , 31.900880484002432 , 56
793 , 845.161818815132 , 60.74980951574613 , 1000
794 , 860.613929697864 , 43.07513580631357 , 1000
795 , 861.0679609924041 , 35.55881006368237 , 1000
796 , 855.1092868951242 , 36.07455129773514 , 1000
797 , 856.5089193217995 , 66.71451899396001 , 1000
798 , 857.620940345962 , 33.14993248607937 , 1000
799 , 821.1436102719261 , 42.554868519099294 , 1000
800 , 841.931817654895 , 37.26900332864483 , 1000
801 , 823.1830556541521 , 38.70182539023512 , 1000
802 , 860.9976866213854 , 47.70480743294794 , 1000
803 , 858.9055344720582 , 37.549915181193846 , 1000
804 , 858.729797827208 , 35.0453016004848 , 1000
805 , 861.6454491395689 , 31.37351138112043 , 1000
806 , 850.2771562099236 , 59.108181016060406 , 1000
807 , 23.925706206609586 , 46.33644388439278 , 82
808 , 864.4441563864183 , 31.30620993111181 , 1000
809 , 856.1821395762893 , 29.848389280310855 , 1000
810 , 843.0803927373139 , 38.56198541924842 , 1000
811 , 36.30267532649434 , 27.444733110386583 , 52
812 , 862.339180255377 , 36.57764549405469 , 1000
813 , 24.41927712335029 , 50.589469130929686 , 44
814 , 833.2099535917251 , 40.12115555902325 , 1000
815 , 844.483255069035 , 44.99580243564386 , 1000
816 , 30.17411358741226 , 41.77042454130569 , 47
817 , 30.767974794684868 , 37.594831755963064 , 48
818 , 856.1738160787083 , 53.006253701192215 , 1000
819 , 851.8595219863291 , 60.936766044788484 , 1000
820 , 850.7536539213661 , 43.77896601163292 , 1000
821 , 819.3483490834402 , 65.69666945209349 , 1000
822 , 864.3889822519324 , 32.133511476270584 , 1000
823 , 21.38618015151414 , 47.970079705198216 , 41
824 , 857.6494419770277 , 33.554396546705775 , 1000
825 , 858.859675862562 , 61.98871824043519 , 1000
826 , 840.0024551907046 , 71.36819012667333 , 1000
827 , 845.7625441947806 , 64.24995493309578 , 1000
828 , 839.1613627915646 , 44.72904777969592 , 1000
829 , 846.1376794756834 , 66.14805774724893 , 1000
830 , 846.0290486710039 , 51.412966598190614 , 1000
831 , 26.070596128776344 , 58.065683364781414 , 41
832 , 864.4287344661525 , 33.22850498041881 , 1000
833 , 870.1425677731238 , 26.09620955837321 , 1000
834 , 855.8115388153466 , 44.26686719116474 , 1000
835 , 820.9971647290765 , 88.54774620431193 , 1000
836 , 861.0305090094132 , 33.93683131241713 , 1000
837 , 845.3051722424615 , 46.8485489646969 , 1000
838 , 861.321544518351 , 28.822306723849962 , 1000
839 , 845.2020026617292 , 69.7874453782272 , 1000
840 , 861.3359613982036 , 25.365153548137716 , 1000
841 , 860.798614155936 , 30.30353829278122 , 1000
842 , 840.4300990051356 , 48.20060004611683 , 1000
843 , 847.8377070204139 , 70.63926965448395 , 1000
844 , 852.0292798033863 , 64.07852811906224 , 1000
845 , 843.1323115195795 , 40.7873964974034 , 1000
846 , 596.0062154543238 , 53.9238019592186 , 707
847 , 837.3614366166124 , 51.89566958699322 , 1000
848 , 563.9723694900729 , 38.89355991369272 , 697
849 , 30.94710426078139 , 32.92665395985242 , 65
850 , 853.7764880296136 , 38.2927941176746 , 1000
851 , 21.938122121358294 , 39.702218030517265 , 47
852 , 830.2162164415662 , 40.82982438253369 , 1000
853 , 848.8253133416971 , 53.435176109244246 , 1000
854 , 561.0088791851691 , 29.54863439206264 , 662
855 , 860.4330397261333 , 32.455571929091846 , 1000
856 , 857.0627455405469 , 36.006264665275864 , 1000
857 , 840.1542684528843 , 77.28950435032299 , 1000
858 , 858.1475404875745 , 34.45719363121642 , 1000
859 , 853.4551882809177 , 32.150859098447455 , 1000
860 , 827.6998783431966 , 50.16596701172193 , 1000
861 , 853.2783045764623 , 64.10346829390205 , 1000
862 , 863.5138910991724 , 66.00633196891357 , 1000
863 , 827.7671387837233 , 69.95860160356423 , 1000
864 , 859.5246838781293 , 36.512604156481714 , 1000
865 , 20.461348633022414 , 49.551936053602816 , 43
866 , 842.1364878158064 , 63.950166438380236 , 1000
867 , 855.1588734718109 , 56.67247841813735 , 1000
868 , 855.7590505151676 , 67.30430222138166 , 1000
869 , -12.746703502562744 , 42.80298643822787 , 49
870 , 859.5488350133662 , 38.097835946593314 , 1000
871 , 472.32975535273874 , 27.51247461764762 , 541
872 , 849.8966855541186 , 34.323435503670495 , 991
873 , 858.3300726066402 , 34.63471417659591 , 1000
874 , 844.1381941964456 , 41.81004823045535 , 1000
875 , 851.6273352045589 , 37.836050907361134 , 1000
876 , 866.0202789137528 , 38.31279242992676 , 1000
877 , 850.4705952034604 , 36.17904098779026 , 1000
878 , 871.9075471481385 , 27.92738208358299 , 1000
879 , 821.2702332439418 , 45.97065836097736 , 1000
880 , 836.7894382376749 , 44.42815410054075 , 1000
881 , 848.9247059176022 , 35.56568989853765 , 1000
882 , 154.66372867452304 , 28.754464021881283 , 205
883 , 863.6128078519137 , 38.218176161362805 , 1000
884 , 856.74622623847 , 32.35764057612102 , 1000
885 , 856.5366079289062 , 45.48164058930116 , 1000
886 , 853.7071125874252 , 45.639468787489314 , 1000
887 , 862.7932162190452 , 32.06250764050528 , 1000
888 , 834.8638519549797 , 76.51412118698826 , 1000
889 , 851.6307219541354 , 37.338999775799344 , 1000
890 , 859.6924451019696 , 33.3993634037281 , 1000
891 , 859.5778286156012 , 64.86982182158597 , 1000
892 , 27.13279762701789 , 52.07000434723999 , 42
893 , 863.388138958559 , 32.33826968115677 , 1000
894 , 157.27970927951526 , 36.60854546750275 , 220
895 , 243.40339125993813 , 29.411573718949185 , 301
896 , 861.1667676005796 , 30.687646210889774 , 1000
897 , 852.115908758679 , 35.20577247752145 , 1000
898 , 848.729919411096 , 62.56073619424302 , 1000
899 , 29.70317734117835 , 44.404237088123274 , 46
900 , 853.5263086302335 , 35.784726130853095 , 1000
901 , 845.8436510464146 , 46.94943940859395 , 1000
902 , 851.9836943794078 , 59.11295870887734 , 1000
903 , 857.5957760484108 , 24.452359533805577 , 1000
904 , 866.7236197360197 , 35.191950002403416 , 1000
905 , 865.9881866928438 , 16.771860521125394 , 1000
906 , 834.3226152688775 , 49.98421204694817 , 1000
907 , 855.2820690189311 , 39.39580799390375 , 1000
908 , 583.3493656308414 , 42.93807011360474 , 700
909 , 863.5746946676778 , 32.991490470109895 , 1000
910 , 863.2266273663067 , 68.18975276419812 , 1000
911 , 378.3790269620761 , 26.734375484805213 , 443
912 , 841.2026859050574 , 39.90634453349846 , 1000
913 , 858.0066425964076 , 37.56583676734135 , 1000
914 , 870.5330803267714 , 28.357144839921173 , 1000
915 , 508.8330413287478 , 33.2415732730401 , 590
916 , 853.4759774237094 , 35.22796998143806 , 1000
917 , 33.455688862833505 , 31.366595929573084 , 53
918 , 834.334308367648 , 48.15084854244459 , 1000
919 , 853.982989970962 , 33.20225126973998 , 1000
920 , 864.2197690450816 , 42.83732099239267 , 1000
921 , 847.9503358097462 , 39.25929974939279 , 1000
922 , 870.5857213859556 , 32.58423189525838 , 1000
923 , 854.6863729178624 , 38.50746626352736 , 1000
924 , 35.90900034351413 , 38.38580574074309 , 47
925 , 844.2961108834864 , 46.204686231610665 , 1000
926 , 226.70769270976268 , 29.87266536845904 , 288
927 , 865.1376337318495 , 32.62310205429693 , 1000
928 , 858.6106429609351 , 65.19948739122474 , 1000
929 , 814.3955268013259 , 62.682259431392154 , 1000
930 , 34.683399206074476 , 40.547368790563205 , 90
931 , 863.3484768679891 , 32.252509477357385 , 1000
932 , 840.9960606609571 , 50.74956478152617 , 1000
933 , 871.0107861976677 , 31.00069749992354 , 1000
934 , 859.5689511220788 , 30.63126457723054 , 1000
935 , 861.1170270803367 , 36.708480959935464 , 1000
936 , 864.071481197948 , 27.657760291141493 , 1000
937 , 829.8243530791495 , 46.136803284566575 , 1000
938 , 863.7751270736621 , 58.316565255798956 , 1000
939 , 866.1707042923767 , 33.12618922606656 , 1000
940 , 848.3782753673852 , 54.97692029979222 , 1000
941 , 164.14210274820934 , 30.833807542882642 , 216
942 , 863.977021556743 , 37.020732046563566 , 1000
943 , 32.5240163465471 , 52.19643851861144 , 43
944 , 871.8101068830525 , 32.98548182613592 , 1000
945 , 30.9828617784135 , 48.01033261347461 , 42
946 , 826.2970130222008 , 40.78859518992269 , 1000
947 , 835.570282509238 , 42.92993949323079 , 1000
948 , 871.4654818567521 , 30.349500510545962 , 1000
949 , 844.3201763010204 , 40.95701748763721 , 1000
950 , 845.6431123875599 , 80.78091865845771 , 1000
951 , 864.6193752523579 , 41.0677044610062 , 1000
952 , 798.0933855543211 , 72.38988256858397 , 1000
953 , 857.3955957878104 , 38.15036431992138 , 1000
954 , 844.4431388964045 , 94.94662687015372 , 1000
955 , 859.512231586715 , 57.43287271845163 , 1000
956 , 864.7939435305041 , 26.41052319763841 , 1000
957 , 868.9791674005378 , 28.646422541584947 , 1000
958 , 839.6076760889122 , 67.13619156409717 , 1000
959 , 819.7401925389063 , 53.61770831484743 , 1000
960 , 858.3163943329423 , 31.395880763910768 , 1000
961 , 34.091528456725605 , 33.41689248522438 , 50
962 , 810.8405870660114 , 75.72880342932822 , 1000
963 , 31.337514548520076 , 45.02722106719682 , 44
964 , 842.4407533811171 , 52.766076734320635 , 1000
965 , 854.4132158196062 , 62.15675580378184 , 1000
966 , 26.47160040778708 , 42.90653214455585 , 76
967 , 865.515983828826 , 45.05813859749363 , 1000
968 , 839.701082407489 , 44.969536803615924 , 1000
969 , 858.6439449944995 , 66.4738690215553 , 1000
970 , 849.8322751069114 , 56.47563346988563 , 1000
971 , 833.3056100565205 , 47.400126204497454 , 1000
972 , 844.8911524221817 , 39.04527403131214 , 1000
973 , 827.4849114265434 , 44.33332750000825 , 1000
974 , 833.1532249464763 , 46.41015252196176 , 1000
975 , 833.2396352348384 , 93.54061592818144 , 1000
976 , 836.0020033058823 , 70.40814144287364 , 1000
977 , 263.60029804800206 , 29.996272294123962 , 326
978 , 14.649135997302249 , 43.37556746143299 , 51
979 , 874.0090734683848 , 27.59367943895966 , 1000
980 , 869.8353934971009 , 32.958835217704525 , 1000
981 , 858.5519990858237 , 32.42464195233647 , 1000
982 , 848.0073682115192 , 73.98449466362453 , 1000
983 , 814.1196266552842 , 76.69930640365192 , 1000
984 , 867.9100844140911 , 25.873988871892102 , 1000
985 , 835.9243893328286 , 65.96119998210843 , 1000
986 , 29.789307051003558 , 48.65251602734965 , 41
987 , 865.6684441271102 , 30.311424548384128 , 1000
988 , 831.6807265776247 , 38.12259206214239 , 1000
989 , 854.5398786666508 , 43.578310347232694 , 1000
990 , 865.9201425893564 , 31.746023258464582 , 1000
991 , 855.4913544848758 , 55.09718438831287 , 1000
992 , 863.8642874069149 , 28.569407814847747 , 1000
993 , 862.8590785704837 , 54.987900420955924 , 1000
994 , 25.91102376440716 , 54.03556948517516 , 44
995 , 856.5968878016453 , 50.75667319506462 , 1000
996 , 28.493160014005873 , 45.60168776005751 , 47
997 , 852.9548523735592 , 41.58459342143881 , 1000
998 , 31.375804301989675 , 44.71658147265447 , 44
999 , 711.0206481272841 , 34.40510700918261 , 844
