Seed Value:- 61
1 , -306.54223303207567 , 0.8048960345675382 , 22
2 , -1116.089109182999 , 132.60118220165384 , 31
3 , -1010.9736061350052 , 39.753857156888465 , 18
4 , -167.04158403417495 , 59.86492624082699 , 134
5 , -18.553851094601495 , 58.43597848415669 , 49
6 , -154.52020626666692 , 21.712171804150497 , 23
7 , -212.0914553799513 , 10.95857881837851 , 28
8 , 10.638454158074898 , 38.06831707422733 , 61
9 , -72.88900863933446 , 60.36459090221922 , 58
10 , -202.12098705337547 , 10.61747089702356 , 25
11 , -23.530444885810244 , 53.470799187403934 , 49
12 , -81.40785930471839 , 39.871701957590076 , 59
13 , -247.26563534750395 , 45.497067013532565 , 139
14 , -242.77851560952578 , 50.19726374239368 , 202
15 , -208.10782059003023 , 45.62685510182419 , 97
16 , 9.180770105212693 , 158.19099978685372 , 215
17 , 13.409745081158535 , 71.94656853119028 , 40
18 , -225.32475274046516 , 43.082941363132576 , 61
19 , 32.408095051726306 , 41.53092875454065 , 64
20 , 65.62680799667493 , 27.362708219366663 , 89
21 , 11.818614055027481 , 57.863652618711335 , 46
22 , -195.39037278591388 , 35.635251486896955 , 76
23 , 23.95130702862198 , 31.658280594105605 , 82
24 , -118.6350251955829 , 60.26447915886652 , 42
25 , 51.72537812516091 , 28.86249283146803 , 86
26 , 79.8424273447884 , 31.2906101876045 , 194
27 , 29.37860512380322 , 39.259615784760214 , 58
28 , 31.65970882440468 , 31.264931030515193 , 65
29 , 2.6319114459490187 , 28.583946778954786 , 74
30 , -192.1565400777322 , 28.91586927535814 , 122
31 , -60.008364216614126 , 42.781088937302954 , 74
32 , 71.23619545483476 , 29.636582882551508 , 166
33 , -45.159741865338376 , 32.472022251978636 , 81
34 , -47.59249593774268 , 43.64126629637396 , 63
35 , -81.771415253199 , 61.13728597844399 , 45
36 , -9.029946597921796 , 37.113631827879175 , 57
37 , 36.70093983840676 , 25.478477047448752 , 88
38 , 37.86192390822308 , 28.54000838619943 , 122
39 , 0.8550843831163113 , 36.74440607153265 , 89
40 , 14.679083020671737 , 36.01362840695018 , 164
41 , 38.25375934165166 , 27.40569704638499 , 80
42 , 58.23337616396136 , 30.06945013396542 , 105
43 , 12.702169612563146 , 35.15351368758193 , 69
44 , -31.258874006172668 , 38.73731319600695 , 61
45 , -146.02341894155384 , 129.93603422777835 , 38
46 , -58.01378199699271 , 44.92303064192812 , 51
47 , 1.9677727114393453 , 79.69241301315355 , 42
48 , 29.533294816965597 , 28.357991927594593 , 68
49 , 237.3576005649623 , 79.10976625829062 , 372
50 , 33.78535739313665 , 35.93860861133808 , 74
51 , 18.36370778527151 , 35.604733453708235 , 75
52 , -57.910866684821926 , 51.81965275712231 , 60
53 , 166.17490654570915 , 99.54425907873107 , 330
54 , -3.4241238066625326 , 41.38655779939222 , 135
55 , 26.21816369722894 , 36.90559190518429 , 54
56 , 15.540728691525473 , 37.510582503655435 , 64
57 , 10.374586186249385 , 80.16200709279885 , 40
58 , 143.8542734980822 , 70.89571514402672 , 283
59 , 143.6491832622821 , 29.671049630393682 , 209
60 , 134.12877763075426 , 48.29768118869078 , 319
61 , 245.93134377026698 , 54.70552271285175 , 466
62 , -61.05956747037431 , 52.144303668216814 , 46
63 , 7.99432556542458 , 82.43127434183153 , 39
64 , 140.85941335298577 , 27.307777275723765 , 202
65 , -116.95367997721536 , 53.28923070141403 , 64
66 , 56.46220120196975 , 28.490564079888816 , 92
67 , 28.594049245974503 , 29.101909045086394 , 58
68 , 160.5415766759907 , 73.49862386780353 , 292
69 , -50.10207399432762 , 46.180786060459766 , 72
70 , -114.02551359831438 , 66.6185599084246 , 47
71 , -23.730170399977524 , 40.99366518309922 , 84
72 , 19.360736283276164 , 56.684865672040594 , 42
73 , -3.2586322329187567 , 63.233186857821956 , 40
74 , 122.70294905658209 , 84.72128227879071 , 254
75 , 84.30155220324421 , 35.55729553231675 , 176
76 , 161.1146464743681 , 35.982285333753026 , 254
77 , 30.513227841819276 , 33.18111990105208 , 54
78 , 145.30380266626744 , 28.211035229998714 , 197
79 , 174.84454883708048 , 32.144906611971535 , 261
80 , -50.37197696339169 , 49.052139565774326 , 53
81 , -13.941788105436446 , 73.21596885631799 , 38
82 , 231.73506237122413 , 36.477839183727106 , 331
83 , 30.70402575991956 , 31.892327745603918 , 86
84 , 96.80560882187511 , 34.43294204953361 , 161
85 , 183.43569526877624 , 65.36393138054554 , 349
86 , 54.05986724261423 , 25.264149281638808 , 88
87 , 13.859525160834943 , 74.53882866777995 , 40
88 , 153.11476285876643 , 27.21277628245657 , 219
89 , 71.0620886489949 , 30.567566782058652 , 128
90 , 57.31651096349874 , 23.990526266058172 , 83
91 , 414.1758645409442 , 76.12310197200742 , 592
92 , 18.05557195880571 , 34.34155864057446 , 81
93 , 27.490721312735403 , 37.09231333633579 , 53
94 , -33.63353546814457 , 42.423937161806606 , 47
95 , -0.7838992433494979 , 34.93116358442775 , 63
96 , 2.4212996873153934 , 86.37794876787594 , 39
97 , -13.440640036117262 , 56.61744156700966 , 43
98 , -29.715997865353227 , 47.71702335350824 , 52
99 , -22.56068033480255 , 131.63654023465162 , 36
100 , 527.6406269021 , 90.11404583245914 , 766
101 , -6.871766189356117 , 37.89855916800614 , 59
102 , 84.72937065830267 , 26.913473117812597 , 128
103 , 58.16028769359979 , 28.088405431921604 , 95
104 , 38.58183645410278 , 30.913510602485687 , 67
105 , 490.33560932925576 , 73.69246133546278 , 700
106 , -7.93404117000713 , 39.66330161174102 , 64
107 , -38.41721305492666 , 53.121994645768766 , 46
108 , 154.16303119746382 , 34.177070873077504 , 245
109 , 29.36653422150817 , 36.92219863344063 , 54
110 , 382.29766750023254 , 65.46976255320726 , 549
111 , 38.57822531560361 , 33.8740786344579 , 61
112 , 34.37953946790856 , 38.43625577165233 , 61
113 , 126.70555030409548 , 32.663968089410005 , 198
114 , 191.85781283148236 , 69.09681722735421 , 290
115 , 28.31931269362082 , 35.0411005477625 , 94
116 , 100.61682303398567 , 38.43182161399967 , 207
117 , 342.57432288061176 , 68.8563643184214 , 508
118 , 209.44731069307005 , 69.61920840522508 , 321
119 , 133.7730950201913 , 29.0799521873663 , 186
120 , -49.29833071306955 , 52.8303331302982 , 46
121 , 263.07860294329464 , 57.44173920897782 , 383
122 , 24.032148072325523 , 34.79654645137174 , 58
123 , 127.32924618855475 , 29.53441894199127 , 201
124 , 190.01842668530495 , 90.27790700556508 , 348
125 , 75.18647123364723 , 28.31712470500291 , 152
126 , 5.541229471713376 , 42.799342220388525 , 51
127 , 46.49463960897571 , 33.350871706855365 , 77
128 , -15.024781920877853 , 40.75051177428667 , 49
129 , 30.38219420774788 , 34.81715567331057 , 62
130 , 249.71296789456994 , 92.36239395696693 , 404
131 , 86.7710620246298 , 26.27136648574352 , 145
132 , 197.7953817337088 , 73.38350990188361 , 307
133 , 11.674542595466296 , 44.74983201128761 , 53
134 , 11.861214156855084 , 54.586802366033986 , 44
135 , 70.59902855529242 , 27.73595925937298 , 104
136 , 208.40314515272897 , 34.187914308947626 , 338
137 , 221.91249462420885 , 27.153697017692377 , 315
138 , 2.9942140428953885 , 35.46276162001568 , 49
139 , -35.657399521308285 , 48.855042418944244 , 43
140 , 25.672328856830102 , 37.934283622769485 , 56
141 , 31.315003457568338 , 32.847221904061925 , 62
142 , 40.37966447652498 , 27.046839258460192 , 76
143 , 142.49144718434377 , 94.06927531163544 , 300
144 , 25.916287543716887 , 37.591967728347434 , 65
145 , 131.4752749688778 , 29.099630495830553 , 200
146 , -15.207292057286494 , 43.01168447395283 , 47
147 , -5.089790299732451 , 36.0802044616106 , 64
148 , 33.51800910494034 , 33.230435828982856 , 70
149 , 11.394968426651971 , 69.84099673378944 , 40
150 , 53.77243131521356 , 27.244055960217093 , 80
151 , -242.4980544636252 , 30.47853108736449 , 141
152 , 45.40659773249682 , 33.34186594616361 , 92
153 , 97.72651818894488 , 29.496488672336927 , 150
154 , 163.04872369120176 , 27.038135996626117 , 224
155 , 28.33363160538619 , 38.317852901378345 , 55
156 , 100.87190476106089 , 28.092458687464433 , 149
157 , -264.29345587320324 , 35.85133389704155 , 170
158 , 19.739335244546044 , 39.74518853125048 , 56
159 , -300.1050506411753 , 29.339266675555194 , 122
160 , 3.145850690845494 , 32.109506686817625 , 65
161 , 229.01882759186853 , 29.801763299163955 , 328
162 , -342.2698394592045 , 16.287082092469866 , 105
163 , -786.2542693589388 , 38.94152319131705 , 130
164 , 202.74114825891579 , 27.460297596895405 , 288
165 , 33.638973325021524 , 39.42317669115552 , 57
166 , 23.620773934934505 , 49.56631340872446 , 48
167 , -2.0334212061327404 , 54.88356282861529 , 59
168 , 4.380636414670395 , 58.73899031526112 , 231
169 , -8.030754422630205 , 32.083745744777296 , 59
170 , -73.52092888430242 , 69.17380434121138 , 44
171 , -367.90849102222194 , 18.499208602335766 , 118
172 , -44.66424485344885 , 30.993754174189316 , 79
173 , -345.9662508298609 , 33.048064268058894 , 105
174 , -90.2785165349587 , 231.2605818875909 , 144
175 , -68.47703863447722 , 78.36306053059086 , 44
176 , -383.33251153425863 , 28.275142981036414 , 83
177 , -92.88674271666929 , 40.94113726336666 , 44
178 , -429.09238010727614 , 23.19750701061238 , 126
179 , -47.47519283598529 , 93.73336715439198 , 190
180 , -33.90237510841383 , 48.49248875417034 , 52
181 , -74.9289257827941 , 164.25484458715073 , 137
182 , -38.40108110770295 , 68.44172346318767 , 41
183 , 74.41361804004407 , 84.48019677450988 , 190
184 , -66.45720809697976 , 64.06689103164346 , 68
185 , -75.65950468555106 , 103.29742873036768 , 47
186 , -33.06074137168161 , 47.71060547523934 , 79
187 , -71.14927915431429 , 43.10115979623052 , 166
188 , -92.55968561308686 , 188.48824755013126 , 150
189 , -188.56748438266212 , 46.350082098965515 , 37
190 , -47.95844547682391 , 74.20836018919852 , 41
191 , -75.52844892055228 , 102.53242457790829 , 47
192 , -107.5817928352785 , 76.71106280117345 , 56
193 , -151.5654556921079 , 19.667428186098796 , 19
194 , -42.097345165665914 , 72.40117697286468 , 61
195 , -39.43038149306484 , 75.28863495564532 , 57
196 , 77.9438910414907 , 26.520849322779842 , 143
197 , 26.383448155120135 , 104.83098043014778 , 179
198 , 101.90145466352791 , 137.6608831665947 , 280
199 , 14.953773706245547 , 144.6005672221036 , 170
200 , 52.48369085284272 , 87.8770433683888 , 193
201 , 53.827135716400925 , 30.34430762459628 , 108
202 , -1.0847842349460897 , 31.591984055449654 , 58
203 , -22.263860057447037 , 38.98080105409649 , 48
204 , 25.267214604755566 , 95.4211843951678 , 182
205 , 121.58064531430131 , 29.86319010290621 , 206
206 , 25.70325829322508 , 34.92212518029414 , 119
207 , 20.707071387910084 , 31.448333617750944 , 113
208 , 5.743771044915788 , 34.88316374775229 , 95
209 , 9.491598543222254 , 28.465359776750322 , 60
210 , 56.8887473560889 , 32.762413021652726 , 124
211 , -33.016943077836345 , 37.62673157003191 , 67
212 , 159.90876739423217 , 28.888014703578897 , 231
213 , 11.062134801042546 , 30.686809645761112 , 93
214 , 75.42277262811913 , 30.405533075829496 , 183
215 , 59.122302812490815 , 28.546337484867955 , 106
216 , -44.453544748934476 , 50.36648809415125 , 47
217 , 7.473278571706423 , 32.459769295378884 , 105
218 , 21.96144592433596 , 35.68868664205476 , 122
219 , 335.6294010238033 , 43.515865547079606 , 491
220 , 433.4034405646164 , 117.107032506715 , 770
221 , 166.12111108913973 , 74.02974122488094 , 328
222 , 415.93786199206295 , 251.38893984318443 , 1000
223 , 236.28713276700142 , 33.58263489755141 , 328
224 , 45.02778743384938 , 34.13733152874463 , 155
225 , 52.47328443138774 , 31.293342433507174 , 157
226 , 104.19378007773578 , 33.48875999667686 , 231
227 , 269.49021187623964 , 44.82124261676749 , 387
228 , 138.28276717105652 , 27.3708539436056 , 193
229 , 119.62910813008733 , 24.98173046895162 , 162
230 , 9.456470047301448 , 52.37245809368582 , 51
231 , 411.63683913569895 , 75.09693483915495 , 616
232 , 68.15258399485857 , 32.9074674173667 , 137
233 , 0.20510870321353747 , 54.161219413572255 , 51
234 , 417.7593603488578 , 137.94879332193418 , 725
235 , 147.49593814081027 , 28.013998524940043 , 204
236 , 16.780335109695653 , 36.982725560441615 , 69
237 , 144.90768606372387 , 31.956867212833693 , 209
238 , 169.56945011603136 , 29.92421253914751 , 234
239 , 90.1796332014253 , 28.160312667591203 , 138
240 , 121.95803795372234 , 27.66653892598026 , 172
241 , 535.9423787606984 , 123.6330634997963 , 826
242 , 7.903808220423822 , 54.11947220734937 , 48
243 , 41.6310332550608 , 31.512985481293835 , 100
244 , 19.319249675620533 , 65.76482480623152 , 42
245 , 46.56220391403021 , 29.1138837504216 , 95
246 , 31.355515621201327 , 32.98785438848025 , 85
247 , 159.20451072324894 , 35.62049191670468 , 244
248 , 14.33467477990095 , 54.60908170854559 , 46
249 , 61.09308974505182 , 35.29090765105375 , 117
250 , 100.91473146978973 , 27.018641792100617 , 145
251 , 536.6039973883488 , 86.62013930877033 , 790
252 , 177.91505047729692 , 38.41357240690251 , 268
253 , 52.083658343952656 , 31.98821948385618 , 117
254 , 73.90844338674704 , 26.3945090349825 , 114
255 , 57.87194554620689 , 29.00339950515752 , 120
256 , 86.30454021360224 , 27.61948190552412 , 130
257 , 33.37152295505412 , 29.78463603933559 , 75
258 , 1.0573844155694263 , 45.99273402330673 , 45
259 , 126.07982693912531 , 27.76416990558984 , 181
260 , 64.74976701815076 , 27.317645176708595 , 102
261 , 56.98331336273393 , 33.29200811636461 , 102
262 , 84.77192541145064 , 28.161681894920545 , 124
263 , 172.09424462370265 , 33.60989777110782 , 240
264 , 146.51162898361636 , 30.373904390741917 , 208
265 , 26.17301515486588 , 47.086093212446286 , 54
266 , 214.80714452359126 , 32.111846658919696 , 313
267 , 22.579482921166694 , 40.403587074045426 , 60
268 , 7.899532889670945 , 37.25388679548487 , 49
269 , 208.18555957125616 , 33.17608103824614 , 311
270 , 13.743142744067434 , 56.72220825231147 , 43
271 , 0.3838427784921241 , 41.32046099084923 , 54
272 , 19.950129247955715 , 45.479304391223806 , 54
273 , 36.958505582803966 , 28.47688685234169 , 81
274 , 123.99395578457981 , 27.003896436213488 , 180
275 , 78.15762797105154 , 26.373233208743258 , 122
276 , 15.119861944896247 , 44.15593544646826 , 51
277 , 113.44500207384316 , 22.974333889597848 , 150
278 , 81.60923626847601 , 27.2551503779795 , 127
279 , 23.510911042963585 , 46.31608591322348 , 52
280 , 74.71759681540705 , 31.27705486674985 , 148
281 , 199.71519532997715 , 74.65569385398469 , 354
282 , 315.2754682925369 , 67.74694730412165 , 449
283 , 41.48090114288744 , 25.82434820694996 , 80
284 , -3.1589580699448088 , 39.48632016481208 , 62
285 , 5.312439191110859 , 37.57771801092417 , 57
286 , 63.05986215326943 , 26.087233431327473 , 111
287 , 106.94213856289065 , 24.191161774693303 , 145
288 , 359.9334825601418 , 47.05092538531212 , 514
289 , 16.623686820893926 , 67.6033878883844 , 41
290 , 293.624112254604 , 58.970629678517135 , 413
291 , 11.843147880486258 , 85.68725673847023 , 39
292 , 140.39412046149582 , 27.69052111279444 , 204
293 , 40.78465095974758 , 27.354724525206436 , 89
294 , 145.56209108016256 , 63.79052183861209 , 262
295 , 15.225994299936445 , 53.97987488308452 , 49
296 , 133.27393848745538 , 27.972055368452352 , 197
297 , 19.303149406423273 , 56.100011387426164 , 48
298 , 136.08213946506717 , 82.97267113961085 , 258
299 , -1.793738339766053 , 55.121183409244 , 41
300 , 88.62900711437919 , 24.528285491206603 , 122
301 , 156.1140207632821 , 43.204421024972255 , 273
302 , 60.698372460464384 , 26.859096136854838 , 89
303 , 21.72127563382668 , 35.44718444011081 , 74
304 , 119.53196866687158 , 26.65379114145397 , 168
305 , 33.52909731474625 , 28.478459288920323 , 79
306 , 147.34846415426952 , 28.671360678617635 , 223
307 , 3.864885824529743 , 39.00026630650683 , 50
308 , 84.94377452414173 , 23.548481829901313 , 122
309 , 126.75820923597296 , 25.042766072929584 , 186
310 , 73.51741485264264 , 28.050880552493513 , 124
311 , 58.912149288810134 , 26.235179198385236 , 96
312 , 71.53968148391262 , 26.043835479619247 , 109
313 , 44.28925253848408 , 28.822753477893798 , 91
314 , 61.13555419445772 , 26.54345124963413 , 109
315 , 110.94706967004475 , 24.96785311943142 , 152
316 , 11.930537306284688 , 34.46994073069674 , 76
317 , 50.44353060757211 , 28.959140286556437 , 90
318 , 59.66134212439279 , 32.75714730578295 , 95
319 , 10.979277976190058 , 33.47898694525629 , 54
320 , 51.77108920396432 , 28.798358518477624 , 108
321 , 104.1539823591194 , 33.03764799741932 , 185
322 , 22.044409488099788 , 47.63604278109778 , 53
323 , 134.2903547586355 , 28.381091881817003 , 210
324 , 135.2114959628504 , 24.826527174058462 , 184
325 , -6.483765534766882 , 64.49138117940622 , 43
326 , 8.17925619819813 , 70.2176716495884 , 39
327 , 44.480465974893555 , 30.409554267214894 , 75
328 , 36.341908815072 , 38.07641597226826 , 61
329 , 26.17815290983045 , 48.5774915295779 , 52
330 , 61.16540598226889 , 26.197648105615592 , 85
331 , 2.922428052486589 , 53.98481014344636 , 41
332 , 21.9648326708363 , 44.107141117494876 , 43
333 , 7.961575004519392 , 35.38894688939156 , 56
334 , -5.510955286617848 , 57.221505179700344 , 40
335 , 56.44107251525142 , 28.030352180275337 , 92
336 , 171.0734122019679 , 24.535984636625063 , 235
337 , 91.6580386912022 , 26.115102602374595 , 133
338 , 31.2332581372704 , 40.46704798840537 , 52
339 , 237.84703434551304 , 32.06568825644419 , 359
340 , 34.38770574873184 , 38.525544366211754 , 55
341 , 168.15048448617938 , 27.37707777585919 , 249
342 , 31.617410102242946 , 28.339336337148342 , 82
343 , 27.79425803273073 , 26.738617040162644 , 65
344 , 33.003311997906586 , 38.964155915259894 , 63
345 , 50.88750249642077 , 27.657263069387866 , 96
346 , 34.20284172043683 , 40.14353297206311 , 55
347 , 63.98335978336253 , 25.97480827458369 , 108
348 , 32.60223523739322 , 32.91021131000783 , 57
349 , 26.11665770324314 , 43.51663641194399 , 49
350 , 28.29267501748542 , 39.77375522083894 , 54
351 , 38.50103676455423 , 30.088924962845116 , 65
352 , 34.39945683086086 , 36.33593770744191 , 58
353 , 54.639650380173684 , 25.894141095340373 , 92
354 , 269.134178787311 , 26.460948934537694 , 357
355 , 73.20272379258068 , 28.276855364613734 , 122
356 , 37.8989071887553 , 34.009013735091415 , 63
357 , 83.22600811824292 , 25.644816465123714 , 137
358 , 118.68890301264017 , 29.806226942381954 , 185
359 , 95.08884226307943 , 25.890417346033246 , 140
360 , 75.57755167330905 , 27.92421828117281 , 120
361 , 168.90534845950845 , 26.542766132390675 , 251
362 , 34.5052192769393 , 30.77953734085012 , 83
363 , 108.37877182911149 , 25.351185985222948 , 159
364 , 162.76557878582094 , 25.84941566752803 , 227
365 , 126.72451889542283 , 27.72130114849776 , 187
366 , 11.661359379418744 , 43.802317114801625 , 44
367 , 23.239754158648143 , 33.54175734599962 , 73
368 , 140.26380701576872 , 33.11892795677279 , 236
369 , 165.9737106617028 , 27.56282210832657 , 238
370 , 72.78751654413868 , 25.90258017175208 , 106
371 , 29.272617060109262 , 39.235922083437025 , 52
372 , 49.455834105708234 , 27.204696920202753 , 97
373 , 27.577013538174366 , 39.48182440199565 , 49
374 , -13.774259567010983 , 46.88908863389591 , 51
375 , 42.491807910659944 , 29.10129603085158 , 85
376 , 104.96556534615465 , 27.906524068332168 , 187
377 , 209.04593364176833 , 28.36892775969627 , 304
378 , 11.17518293257858 , 40.08636840657888 , 46
379 , 61.11845080228711 , 31.27295221577194 , 167
380 , 140.27877333093363 , 23.17809332123691 , 185
381 , 87.0191500335021 , 29.188839090982512 , 145
382 , 42.09020399437392 , 28.674936987926746 , 86
383 , 43.24371375327493 , 26.83242028932159 , 75
384 , 49.47718560325601 , 27.487327268010606 , 93
385 , 87.86295191606517 , 28.12024364421872 , 152
386 , 11.93510740008379 , 51.75088415518898 , 43
387 , 42.710438111170056 , 28.102384140634417 , 90
388 , 46.32481268957378 , 23.906384254000745 , 77
389 , 222.27612611752872 , 25.829262444334226 , 302
390 , 152.95124593124055 , 26.99623750282862 , 213
391 , 102.38774415699402 , 39.44067230580848 , 224
392 , 4.176408381265507 , 43.3351546580679 , 44
393 , 27.640771387409426 , 45.60013983995452 , 46
394 , 20.12050190698893 , 32.13675340455434 , 61
395 , 216.22502160937987 , 35.565347343772345 , 334
396 , 43.105593380521746 , 29.183628834365752 , 96
397 , 57.78221416873528 , 26.854083620485806 , 100
398 , 98.1544454681955 , 28.010741290359693 , 148
399 , 129.8029836375517 , 32.84114263972229 , 226
400 , 36.75250463798134 , 28.80762963899787 , 79
401 , 42.521106780533465 , 24.48976031516504 , 76
402 , 49.167539557626775 , 27.591551410180106 , 90
403 , 152.79360935877 , 51.74742538209091 , 285
404 , 115.17902857439421 , 25.29441687438492 , 158
405 , 188.69444866179174 , 32.89198457932722 , 276
406 , 31.73819723298053 , 34.774898278693236 , 53
407 , 96.74701514805976 , 28.730607130124323 , 148
408 , 55.93560702472181 , 27.412006215907915 , 93
409 , 48.63937146759675 , 30.60388805883396 , 97
410 , 45.70709147989348 , 31.055148085405424 , 75
411 , 57.38252119359321 , 30.08819133578974 , 102
412 , 206.17891447010973 , 56.580403148395035 , 335
413 , 38.66553368952784 , 27.110680555138515 , 64
414 , 57.11341581550916 , 31.270551828349664 , 115
415 , 45.98317677679688 , 28.42167617197774 , 84
416 , 69.61686719204239 , 29.7795894266648 , 129
417 , 90.49008354764136 , 26.075563840986177 , 136
418 , 554.2268553431581 , 96.05907072171348 , 846
419 , 94.79742471448283 , 25.73337676307859 , 145
420 , 32.12973474743055 , 32.917912924756685 , 80
421 , 52.96685155519852 , 25.5729756092693 , 85
422 , 462.22048434985817 , 176.9379977487134 , 1000
423 , 22.71206273747566 , 29.494867654071538 , 53
424 , 51.05219548662314 , 26.51104761909279 , 87
425 , 125.5711114578162 , 29.653671386172917 , 179
426 , 39.97613169249934 , 33.68681215318897 , 66
427 , 40.33421334061279 , 30.628736715579276 , 78
428 , 198.211732270324 , 29.354446124181127 , 293
429 , 23.1892521162371 , 35.45586140499936 , 53
430 , 73.43401024092128 , 24.66786973831492 , 108
431 , 276.01399395245727 , 44.31040772545805 , 412
432 , 90.92390017210069 , 25.81186261233835 , 134
433 , 36.482321640840304 , 31.842833143126782 , 84
434 , 60.99808866927571 , 28.204618878653665 , 123
435 , 21.400159602956865 , 51.98347216536793 , 43
436 , 18.219183139807807 , 31.269189338213994 , 54
437 , 46.928319039427315 , 29.39411945432571 , 86
438 , 42.25070675553884 , 29.349030097046278 , 80
439 , 165.10836519202826 , 24.86283624133931 , 223
440 , 323.04874030338794 , 69.42372251092151 , 519
441 , 127.54972964480923 , 56.76230281237139 , 275
442 , 16.95695453798536 , 34.35505409814283 , 86
443 , 254.65684889142082 , 32.72056141696308 , 365
444 , 71.3069637314818 , 28.671794222135453 , 109
445 , 12.477720573286854 , 51.83080049179013 , 47
446 , 52.19550369986168 , 27.621438809240672 , 86
447 , 115.65979633462561 , 26.449847969643496 , 177
448 , 20.115231221614163 , 42.47294738758327 , 45
449 , 149.782466353986 , 27.37228294519986 , 229
450 , 23.989376096421832 , 49.683635625475446 , 49
451 , 40.3321141717612 , 29.246492540996528 , 65
452 , 6.733279143310703 , 76.58887780823183 , 41
453 , 106.95906057787407 , 26.916754414310375 , 160
454 , 75.51597103298981 , 29.147775837618173 , 119
455 , 132.7065943708926 , 27.26397177400778 , 194
456 , 35.77142114189171 , 30.835375818234898 , 60
457 , 132.9678080809233 , 26.944063231079312 , 189
458 , 231.93677426014492 , 53.05273152302899 , 404
459 , 154.66675090368338 , 28.08154379556674 , 226
460 , 145.85072154372168 , 28.71114818178719 , 226
461 , 31.983939188691863 , 28.99676355059935 , 62
462 , 13.21441861849901 , 34.74187442514815 , 54
463 , 111.65697948488571 , 28.566348558733747 , 198
464 , 17.083126235149685 , 33.808911021319894 , 57
465 , 72.81027365458918 , 23.451053147946254 , 108
466 , 19.923025937139844 , 42.143924724092784 , 44
467 , 48.67353362951806 , 30.01088449489992 , 91
468 , 199.83684044089645 , 27.820615220422948 , 287
469 , 56.168165803831464 , 26.069422085371198 , 84
470 , 78.01355448369681 , 25.538860055168602 , 116
471 , 19.86841371491118 , 32.848540587247015 , 53
472 , 62.261167722143725 , 27.085571646898277 , 96
473 , 37.293402423460385 , 31.255259320214854 , 71
474 , 153.35995357099122 , 37.070947095164094 , 260
475 , 127.96199869915499 , 27.923746687565927 , 190
476 , 139.45558891384746 , 28.441461256395023 , 214
477 , 19.106444455256177 , 63.633858930502555 , 41
478 , 154.49994000552476 , 25.242020828345062 , 220
479 , 10.062227007262386 , 39.7641704175908 , 50
480 , 163.6706706344143 , 24.55511787930147 , 235
481 , 21.87038360320029 , 61.288740071162486 , 41
482 , 129.28219749891431 , 23.87575847871426 , 174
483 , 106.1192712158035 , 25.937312813622302 , 152
484 , 20.791771441825105 , 40.49789417159083 , 56
485 , 326.2401760747921 , 30.2352664506042 , 460
486 , 127.60370788190659 , 26.275350457264988 , 182
487 , 30.178746863960516 , 50.98002153139271 , 43
488 , 37.72258369345292 , 29.017345240640232 , 73
489 , 26.957948840871573 , 41.52519032617572 , 52
490 , 36.61748830563313 , 35.005382965654036 , 60
491 , 17.414869715252596 , 61.62089464228772 , 45
492 , 361.38192257271083 , 56.410731495267115 , 550
493 , 181.29826834069667 , 41.95404222598061 , 307
494 , 111.91649753643622 , 30.730937288828805 , 211
495 , 16.938853361175763 , 33.326811183808 , 61
496 , 74.16588089541168 , 26.625246979783174 , 110
497 , 23.931872778937496 , 31.247071628890808 , 64
498 , 126.0862157230248 , 25.57917759812938 , 177
499 , 261.6503505791174 , 32.72911192619894 , 384
500 , 12.724451502925929 , 40.17877338974563 , 49
501 , 74.49866182068021 , 28.66653000016257 , 124
502 , 20.404593093025067 , 35.50872469592082 , 49
503 , 67.70963441942197 , 28.51280292546289 , 110
504 , 44.18425958904661 , 25.10236872352429 , 75
505 , 87.68944870851759 , 25.629788230181166 , 138
506 , 25.990122594171496 , 29.677001747720283 , 64
507 , 238.1159785693347 , 24.457459956110757 , 318
508 , 44.52313956575687 , 31.05469958415362 , 70
509 , 84.54304363566798 , 22.66359231313015 , 115
510 , 25.612863262507776 , 42.69584522014316 , 55
511 , 41.59123332834 , 34.290941239076695 , 61
512 , 50.05121012582935 , 28.04324537686823 , 83
513 , 195.41212553003584 , 30.400444608808822 , 304
514 , 37.17383402886665 , 32.15125084187364 , 63
515 , 33.9754469599008 , 28.21731244448397 , 68
516 , 198.3208597077142 , 26.222061245453116 , 290
517 , 24.95867213769815 , 50.30514283698447 , 48
518 , 39.595610085541246 , 33.536501967552404 , 64
519 , 108.99160207928554 , 27.976427830729683 , 165
520 , 7.980860525431467 , 67.32565072641299 , 42
521 , 130.628330813932 , 41.82193389732448 , 243
522 , 12.785457572212074 , 30.720102885660076 , 58
523 , 33.62326301974945 , 40.314243104472716 , 59
524 , 6.273709304659956 , 41.263392293584324 , 44
525 , 27.212159081718006 , 30.028806069892934 , 73
526 , 280.10600380277657 , 25.424743555163577 , 387
527 , 47.453144934518136 , 27.069392588743607 , 75
528 , 18.746646583936425 , 32.53769947879565 , 57
529 , 106.52882613172375 , 27.56444810560998 , 175
530 , 358.0584106328579 , 32.321877087429186 , 499
531 , 104.62415293687647 , 29.40049571852247 , 150
532 , 127.31383510009451 , 25.056217717809236 , 175
533 , 26.31763429200927 , 34.31780658735837 , 58
534 , 425.08353655703706 , 58.68470384059799 , 608
535 , 170.45894735849822 , 25.939658068168082 , 236
536 , 25.178196929056142 , 37.53079682111481 , 52
537 , 112.59257274084685 , 22.916028320384495 , 148
538 , 26.16272690909153 , 31.58055346454869 , 57
539 , 59.74235209821166 , 27.26185294202723 , 87
540 , 258.6249000608855 , 46.19223914625918 , 387
541 , 226.4991274244179 , 25.988657109414365 , 314
542 , 23.45948043033044 , 57.7547892085706 , 46
543 , 22.32598955102122 , 48.0457881034038 , 49
544 , 35.10911671514041 , 42.031825390656685 , 53
545 , 13.136452405513205 , 31.031610594387576 , 58
546 , 35.02699726116045 , 31.2282106840913 , 68
547 , 91.23762231098036 , 27.101505840628953 , 153
548 , 30.082316773225784 , 33.55028593571637 , 56
549 , 29.210922044834863 , 38.641464781318284 , 53
550 , 731.2467145900451 , 35.31822448454573 , 1000
551 , 56.69982761710621 , 30.281196203721525 , 94
552 , 19.017237876105394 , 47.6757437605952 , 45
553 , 65.66276217931514 , 26.65406627922556 , 100
554 , 12.327366003500362 , 33.85775025884802 , 53
555 , 352.9690037037633 , 44.75020593353852 , 531
556 , 41.759054732760866 , 27.402993833240703 , 78
557 , 55.471316200102436 , 29.37335503993283 , 99
558 , 731.491855608742 , 59.04009276552736 , 1000
559 , 35.64054634628573 , 29.055104992233833 , 69
560 , 403.6835610638396 , 48.32929491035246 , 596
561 , 3.6661607751634415 , 37.30456956696564 , 51
562 , 10.472793887100837 , 36.6888324762715 , 59
563 , 474.8506622491297 , 40.42293032176402 , 639
564 , 38.906188680289155 , 27.75033019771915 , 80
565 , 104.20536770541992 , 28.602549934975276 , 159
566 , 136.97816226161143 , 26.715623403789674 , 202
567 , 53.14750099264065 , 32.62302121772994 , 103
568 , 41.20867596347459 , 31.053947915145176 , 86
569 , 4.535216199818636 , 68.41787065198608 , 41
570 , 21.160403496685912 , 37.357300688341276 , 53
571 , 9.900629989285175 , 30.768753727457838 , 70
572 , 691.9308219435877 , 45.16632897357817 , 1000
573 , 55.58721468663586 , 30.693078092571856 , 105
574 , 8.674454792670875 , 30.324342739967303 , 56
575 , 211.99216951410713 , 23.656363180141543 , 277
576 , 545.9149994770959 , 99.1198111155252 , 850
577 , 21.169285107106152 , 36.764521961765894 , 53
578 , 28.497207444436107 , 38.93293282384076 , 49
579 , 7.706231509034834 , 81.53777832997643 , 40
580 , 21.31336570792587 , 33.75868745069274 , 64
581 , 32.69316605940458 , 29.599735961806854 , 62
582 , 74.33202277481114 , 25.867532921410323 , 119
583 , 17.111022171437057 , 49.181663436074984 , 49
584 , 23.332915130298897 , 29.84462119313103 , 64
585 , 678.1676178185851 , 105.18285884845332 , 1000
586 , 711.8447785680227 , 49.15871905841085 , 1000
587 , 23.752790114794276 , 57.64891038491649 , 42
588 , 144.24214001078937 , 31.43849652514412 , 239
589 , 693.7500977542483 , 37.73109888994395 , 1000
590 , 53.24017200101574 , 28.762052620080365 , 107
591 , 47.97439787422056 , 25.674215814577813 , 88
592 , 18.292736907116982 , 40.90682688911812 , 50
593 , 37.463924140789445 , 31.012949810944754 , 63
594 , 696.476867353312 , 56.079839110062416 , 1000
595 , 23.52834103776385 , 50.84898370435088 , 47
596 , 707.3782566952416 , 48.93110053315129 , 1000
597 , 40.161082793245434 , 33.116854750873664 , 90
598 , 49.62811755775474 , 27.972959371656067 , 87
599 , 1.362810180309068 , 38.288995806825454 , 45
600 , 20.14949146844549 , 62.10838111243556 , 41
601 , 20.175039472816326 , 48.24724792527839 , 47
602 , 279.6240824107108 , 30.913970234436885 , 408
603 , 56.860318162847676 , 25.911364955763727 , 98
604 , 714.7600246006964 , 72.97182272647339 , 1000
605 , 31.253360289872443 , 34.92003410030656 , 51
606 , 586.568912394252 , 51.489647477407495 , 830
607 , 4.305920467617334 , 45.29962114847806 , 47
608 , 34.737086795493084 , 29.937752487764243 , 79
609 , 4.768980832817903 , 69.58369598295357 , 41
610 , 37.69784207504638 , 33.56881886786644 , 65
611 , 36.30262316186443 , 38.603887714778025 , 53
612 , 60.00575250370905 , 23.86235650671923 , 109
613 , 689.7697525191335 , 50.81377772175771 , 1000
614 , 0.8699053555654306 , 43.35455784871774 , 48
615 , 185.71478213024005 , 25.375153077363688 , 255
616 , 30.794749134458684 , 30.948839527542543 , 60
617 , 728.7538554597812 , 29.995474667234625 , 1000
618 , 36.94204180035137 , 27.675702734827087 , 74
619 , 58.2773334835987 , 25.580293181198 , 92
620 , 696.8805684389644 , 41.40076875913228 , 1000
621 , 21.46067047886396 , 48.42753629977531 , 42
622 , 0.5708399763625472 , 34.810337023960464 , 59
623 , 30.878590218279314 , 32.10456792975062 , 54
624 , 18.25056489172365 , 37.71120617865199 , 47
625 , 703.6410526747385 , 41.80807206327486 , 1000
626 , 45.54056143629564 , 30.08648142304951 , 79
627 , 26.504313444686122 , 44.67327539807433 , 43
628 , 701.2222723385894 , 38.97352141634768 , 1000
629 , 31.9169977021583 , 34.95854867315544 , 66
630 , 20.58719912276131 , 36.97167904769279 , 58
631 , 25.068099807000422 , 28.854481563546212 , 69
632 , 22.928414930598635 , 59.15570133823338 , 43
633 , 23.45222707940266 , 50.97314259434933 , 44
634 , 21.976926545388626 , 49.922841480049755 , 42
635 , 49.77288726540172 , 24.96544136718515 , 94
636 , 19.462940070026615 , 45.2567454656621 , 46
637 , 17.916027293972103 , 67.16494922886422 , 41
638 , 86.95040311036674 , 27.226420654955113 , 145
639 , 725.7839693292208 , 39.61106489305912 , 1000
640 , 108.92304406405523 , 22.863423700376515 , 148
641 , 19.096012245498706 , 62.229433982325006 , 42
642 , 23.77402104735624 , 56.74917685195447 , 46
643 , 215.6058949496091 , 27.44347804633081 , 312
644 , 27.287073952820727 , 34.21963659336306 , 71
645 , 19.451938947087335 , 37.854183831077705 , 50
646 , 692.1370703385834 , 32.92767704052541 , 1000
647 , 740.4578882793206 , 36.45756132368886 , 1000
648 , 17.19121542043571 , 67.65275189351549 , 41
649 , 22.94324506367207 , 39.69171956134987 , 46
650 , 590.51948957912 , 63.06579411407287 , 897
651 , 709.6487185436756 , 38.67763415524844 , 1000
652 , 23.606316029062835 , 33.29863819851919 , 55
653 , 18.48441954226889 , 35.43334452875357 , 50
654 , 713.5168789926943 , 54.18157265192492 , 1000
655 , 23.650685591545358 , 37.195085673428316 , 64
656 , 26.412588373290117 , 32.91115382041529 , 66
657 , 81.4567038640055 , 26.811187685992017 , 126
658 , 675.6542217554128 , 103.15020380268011 , 1000
659 , 721.534182910583 , 41.402007479360016 , 1000
660 , 738.0899579573237 , 36.78427188210871 , 1000
661 , 723.0757231037705 , 35.044026152601084 , 1000
662 , 28.68491649879547 , 25.538348806886727 , 75
663 , 30.67252359683495 , 30.478263216569648 , 66
664 , 20.206804461164438 , 59.00809780415497 , 46
665 , 43.183761125714696 , 31.844009050131262 , 80
666 , 21.880811150821142 , 28.235727172622365 , 72
667 , 25.236535853277 , 52.95992416717979 , 45
668 , 703.8235468686323 , 46.83354999638135 , 1000
669 , 681.780899127695 , 31.685591504523735 , 1000
670 , 719.7701020040946 , 50.81660138331444 , 1000
671 , 734.3318153192387 , 30.292748167540275 , 1000
672 , 39.80950762246044 , 31.533579761550044 , 66
673 , 31.062375957019736 , 27.0895237327305 , 78
674 , 12.172249715093207 , 59.14469929555481 , 43
675 , 40.46097426556765 , 30.127303615090046 , 88
676 , 713.8109634919192 , 34.1812144444798 , 1000
677 , 67.91717831095633 , 25.179255872862388 , 106
678 , 7.809209651487095 , 40.99184450171674 , 57
679 , 712.6864080323022 , 34.594396723527325 , 1000
680 , 75.40508042744375 , 27.672130180867285 , 111
681 , 694.67161022952 , 40.994983180191355 , 1000
682 , 34.022837128983575 , 27.888740128260004 , 62
683 , 705.0110223049459 , 33.93952208745523 , 1000
684 , 704.4674689208317 , 37.44107849538147 , 1000
685 , 711.4456013247942 , 34.057329797428324 , 1000
686 , 697.1295011862264 , 35.25008300188519 , 1000
687 , 723.8269929454538 , 29.534337815390792 , 1000
688 , 24.71353398430829 , 47.59944760456906 , 50
689 , 693.3300419924657 , 47.13622681576012 , 1000
690 , -25.15271652686983 , 61.19583696467441 , 47
691 , 1.0852114092986587 , 77.1077274607336 , 41
692 , 704.0826779836988 , 33.45125532472274 , 1000
693 , 81.71594870257516 , 28.818586622441906 , 156
694 , 717.5049566975271 , 30.617390598439087 , 1000
695 , 624.8749162021904 , 73.12200325741709 , 1000
696 , 721.8389939142903 , 29.1713045645113 , 1000
697 , 25.139485511773678 , 40.728957249338585 , 50
698 , 539.8277371705058 , 32.34453898121216 , 776
699 , 41.006018674263615 , 30.009142850807265 , 68
700 , 738.6247993627036 , 27.47365078063412 , 1000
701 , 731.7459303127812 , 33.28023616907739 , 978
702 , 35.96090993809735 , 29.858519076640743 , 55
703 , 700.739974971796 , 30.43122592970777 , 1000
704 , 704.8622140606747 , 34.85235859562097 , 1000
705 , 31.375713051261858 , 37.825509135301985 , 53
706 , 44.91753959709224 , 29.179189424910845 , 71
707 , 716.0375142813638 , 28.33202156057367 , 1000
708 , 712.1357145880054 , 30.379468541751976 , 1000
709 , 528.3527146261185 , 30.315927551486336 , 756
710 , 65.71677433125976 , 29.379798128080886 , 127
711 , 726.9954713834338 , 28.532614201426593 , 1000
712 , 58.693645732794224 , 23.38369375615327 , 87
713 , 58.254817155349315 , 28.558749151707058 , 96
714 , 15.7650540212752 , 70.82837083309535 , 39
715 , 71.7035022247394 , 25.504762961780738 , 109
716 , 712.926149370226 , 30.902421971104122 , 1000
717 , 72.31225214467635 , 29.156314962178804 , 123
718 , 721.0042897749697 , 30.84298718209483 , 1000
719 , 237.7204202188375 , 68.60296546448801 , 440
720 , 27.734993493228334 , 38.624593317082876 , 53
721 , 721.9222949481812 , 31.053974546746485 , 1000
722 , 11.85069666087745 , 69.75118457335803 , 42
723 , 713.4605343676353 , 34.364392899936185 , 1000
724 , 721.1268987028966 , 42.2305916695776 , 1000
725 , 31.947253595487584 , 31.219949629682816 , 80
726 , 74.48508924359056 , 25.022819271222893 , 116
727 , 24.0455059148106 , 42.1177945560151 , 49
728 , 733.3704967181598 , 30.416083822510316 , 1000
729 , 605.8843060880963 , 54.785177364455215 , 844
730 , 716.3171790065195 , 37.5071492467337 , 1000
731 , 556.9057800525217 , 31.65629140416287 , 781
732 , 704.3190230547917 , 57.9909987303053 , 1000
733 , 28.28054555578955 , 41.518068808538274 , 47
734 , 683.3580217611421 , 45.437365742436945 , 1000
735 , 20.67872126810178 , 40.292030154698544 , 47
736 , 26.166925763614266 , 51.56354321713957 , 41
737 , 35.97945342908443 , 29.619618720200606 , 60
738 , 722.9926214920548 , 28.524306830921212 , 1000
739 , 28.03785970890751 , 35.82072835304442 , 54
740 , 20.080191850312527 , 60.19387455292435 , 40
741 , 674.3379935972092 , 59.03826680120009 , 1000
742 , 714.2251840396266 , 30.553017368126064 , 1000
743 , 22.11509178127678 , 58.874376255467766 , 40
744 , 730.2906364111915 , 28.471151354750663 , 1000
745 , 710.2015944793669 , 33.029760406661495 , 1000
746 , 24.233769528364416 , 39.58699052712713 , 47
747 , 735.3660210581335 , 26.224595770834178 , 1000
748 , 741.8185886409137 , 34.09446216770533 , 1000
749 , 84.76139325286164 , 24.10834171312706 , 115
750 , 728.1048941207446 , 52.16301235392326 , 1000
751 , 32.218587874149954 , 38.51150301420709 , 60
752 , 36.85330506729328 , 30.448933867037475 , 68
753 , 692.9691252110449 , 34.10887848127811 , 1000
754 , 700.3026213647037 , 30.825616267839333 , 1000
755 , 716.9190227250399 , 38.26205117354771 , 1000
756 , 684.3655965407464 , 69.40902952645673 , 1000
757 , 376.2128430291262 , 29.734031213730272 , 508
758 , 702.1743992395085 , 33.70429642216966 , 1000
759 , 67.6289468129091 , 25.648686655466904 , 113
760 , 705.0222975167876 , 57.77859665223986 , 1000
761 , 621.2323296209163 , 34.01039067660229 , 861
762 , 728.9014515033925 , 29.490251767823832 , 1000
763 , 19.102719788687352 , 55.79477882034986 , 40
764 , 700.1186930512687 , 30.969785864013826 , 1000
765 , 47.390155534861655 , 27.239809550314494 , 76
766 , 25.217374889032563 , 40.270363911196725 , 55
767 , 70.3466891951343 , 30.57643189700507 , 125
768 , 501.22407437024947 , 28.69052278115926 , 702
769 , 721.4543073706636 , 32.25889937033106 , 1000
770 , 25.692708387633846 , 49.0026318373412 , 42
771 , 32.918445262737066 , 31.701619060949863 , 78
772 , 609.0007887473477 , 32.00885322858074 , 847
773 , 26.28871859716039 , 42.2573682064006 , 49
774 , 11.808474882773648 , 46.52055743641596 , 48
775 , 736.4838452740975 , 32.500336708212245 , 1000
776 , 38.83640559652377 , 27.28668499775755 , 87
777 , 33.323904851975215 , 36.93617541458162 , 51
778 , 42.50114822276604 , 28.558783266335507 , 94
779 , 732.1024372004415 , 34.90706394375378 , 1000
780 , 17.526686516768127 , 57.03199291848873 , 41
781 , 28.703639417069763 , 44.47999310746059 , 46
782 , 703.9205855843728 , 48.00817749141298 , 1000
783 , 733.6717923909276 , 27.65268910234039 , 1000
784 , 26.23966887108439 , 43.41504602788859 , 49
785 , 735.5875538964237 , 33.94141626123153 , 1000
786 , 733.3510361242214 , 30.398419142300874 , 1000
787 , 720.6900147614864 , 33.598595251306165 , 1000
788 , 36.51502625168148 , 35.76848021798726 , 55
789 , 230.07381356581814 , 28.672318632470883 , 326
790 , 693.4577217199787 , 49.3646110054064 , 1000
791 , 38.579940245965325 , 32.57383785916595 , 66
792 , 27.82963583377064 , 37.601500444610465 , 49
793 , 703.4448834556489 , 36.15922355646133 , 1000
794 , 708.7796895495126 , 33.17502716247918 , 1000
795 , 43.06536167778052 , 31.95827267399019 , 77
796 , 54.58845957124171 , 25.07750313833019 , 91
797 , 128.87161645438033 , 26.293186543977846 , 204
798 , 723.2793659599104 , 29.93259720515616 , 1000
799 , 33.57117909200034 , 24.655862946197292 , 65
800 , 31.747166413331957 , 28.74071525801014 , 66
801 , 693.9555766593384 , 35.81515208727716 , 1000
802 , 733.1119597002407 , 29.75641546099464 , 1000
803 , 72.26744308125934 , 25.7305526994029 , 101
804 , 48.681563232499066 , 27.342162471122492 , 83
805 , 59.43071689476661 , 24.95902349241183 , 95
806 , 699.7479667924068 , 33.40170070807192 , 1000
807 , 27.734006408585714 , 43.11560428261956 , 50
808 , 730.5287154483306 , 28.13093381443652 , 1000
809 , 52.517306826114336 , 26.71556515584452 , 89
810 , 45.361268869987946 , 29.680744634192138 , 74
811 , 27.88574157771474 , 45.90880632831627 , 46
812 , 41.407283529113364 , 32.69888491994754 , 78
813 , 21.528295750362062 , 57.9706092342092 , 43
814 , 53.85217274081925 , 26.249200421781545 , 96
815 , 41.2756852516676 , 33.17800776952312 , 66
816 , 21.445520576464407 , 59.39256956431619 , 44
817 , 25.83773224462362 , 54.39673020298837 , 44
818 , 699.7838148745633 , 33.68003982666509 , 1000
819 , 692.3665563088989 , 37.05995108309028 , 1000
820 , 36.33728276883641 , 34.43216512260496 , 64
821 , 25.130429252286703 , 45.727681387708344 , 49
822 , 716.8342663515332 , 67.87281606515411 , 1000
823 , 3.236559395216178 , 73.40208685434767 , 40
824 , 45.456843025520506 , 25.737791425054734 , 85
825 , 728.811775240095 , 33.38337020697488 , 1000
826 , 704.9230068760268 , 36.21080630363628 , 1000
827 , 695.0867474561873 , 43.32718693190604 , 1000
828 , 542.632011182096 , 28.165861599083115 , 727
829 , 698.9217983181818 , 35.372699308975534 , 1000
830 , 37.155911971362045 , 35.67162466476469 , 60
831 , 6.343169665192585 , 84.21690882928375 , 39
832 , 78.65160640124056 , 27.54623193770688 , 112
833 , 728.4763855319314 , 30.089206483903023 , 1000
834 , 728.8376621089902 , 28.448698703855552 , 1000
835 , 15.11034355114904 , 38.16871138155952 , 49
836 , 706.2607514419191 , 36.70193796040951 , 1000
837 , 29.053652275237614 , 37.50944671077069 , 63
838 , 728.6350084091077 , 39.108382101327166 , 1000
839 , 717.1402366034952 , 35.28740372428165 , 1000
840 , 728.0511806927875 , 28.45085506283441 , 1000
841 , 701.0654409229212 , 53.511176014908024 , 1000
842 , 34.85171374126287 , 34.093758910026494 , 62
843 , 24.655221752203875 , 39.27871378136945 , 52
844 , 708.4180780031407 , 30.986382501206123 , 1000
845 , 32.40913199050352 , 33.87586461501502 , 68
846 , 707.8396562298391 , 31.30378079803724 , 1000
847 , 36.27950448339106 , 31.219902394446013 , 94
848 , 29.440367102554305 , 28.674865708896224 , 65
849 , 25.82341133264855 , 45.20034526037764 , 48
850 , 45.10829276107464 , 27.77669021736085 , 80
851 , 20.621708912920305 , 58.181433993017684 , 43
852 , 35.474626017782484 , 27.177512373827053 , 79
853 , 28.227926605232803 , 38.96796376611429 , 62
854 , 718.3351749214756 , 29.02240473315799 , 1000
855 , 719.1904051320431 , 28.925712817787144 , 1000
856 , 682.5078973458425 , 67.13295265185424 , 1000
857 , 18.888149251914598 , 39.11402060935317 , 54
858 , 45.4530821897935 , 30.132091855531762 , 98
859 , 55.207040970836616 , 23.79775249593669 , 104
860 , 36.14777993112671 , 39.07647453830891 , 53
861 , 685.8099330106905 , 36.00655079884615 , 1000
862 , 704.2205220650818 , 37.120879472848785 , 1000
863 , 21.79988729703732 , 41.071254563301245 , 51
864 , 673.3138235406261 , 56.997350958047775 , 949
865 , 17.647772995395375 , 70.4289725667603 , 40
866 , 706.8974946290078 , 39.66406083094065 , 1000
867 , 726.1901771025347 , 33.746253295531666 , 1000
868 , 46.93463121843233 , 25.612790213665356 , 84
869 , 27.334844470884057 , 52.253019809338376 , 45
870 , 64.31583557365508 , 29.670162431655676 , 101
871 , 728.1108244922525 , 34.141621364172735 , 1000
872 , 699.8474148599092 , 55.664251243225664 , 1000
873 , 731.207888008223 , 31.205586662052415 , 1000
874 , 705.6818505725784 , 38.44711093915202 , 1000
875 , 703.0785041714838 , 37.70598693564201 , 1000
876 , 38.37841244711218 , 29.578568430173675 , 82
877 , 672.687627704864 , 61.90007825460021 , 1000
878 , 743.8125754096011 , 28.784148057179483 , 1000
879 , 26.268065942459053 , 31.552675376397083 , 59
880 , 28.39530177259249 , 37.03720900570996 , 56
881 , 733.55432982738 , 29.888223565673275 , 1000
882 , 38.69830350209531 , 28.494653241004226 , 77
883 , 65.16612655886664 , 26.21775545610756 , 97
884 , 715.7315403058142 , 32.96398342654079 , 1000
885 , 721.5265625294106 , 31.04503609620563 , 1000
886 , 32.060786439555464 , 38.0500482319448 , 59
887 , 72.81870382105518 , 26.501748486039144 , 107
888 , 27.042517461849606 , 36.47445886334407 , 59
889 , 36.373971909726194 , 36.34626299330003 , 70
890 , 61.132117290495096 , 26.886342322771146 , 102
891 , 708.0527168306787 , 37.2666607376033 , 1000
892 , 13.726891002134266 , 73.12395933421355 , 40
893 , 724.0792796311683 , 36.77113532572572 , 1000
894 , 22.52889778361384 , 34.10546171666388 , 58
895 , 704.9456489633571 , 41.29587941707612 , 1000
896 , 709.2449051552467 , 52.72382053673421 , 1000
897 , 59.39087914273586 , 23.600250585206584 , 91
898 , 706.1697904096185 , 36.60840857730426 , 1000
899 , 13.58227991006844 , 66.8612288617978 , 42
900 , 54.4663607576206 , 27.546048775441484 , 86
901 , 35.598044001299435 , 32.54731143455126 , 63
902 , 710.8700987888154 , 42.82587953377969 , 1000
903 , 759.0366133207095 , 29.436489359713043 , 1000
904 , 60.24334329557175 , 28.863020842167646 , 96
905 , 715.7553803892987 , 31.357452156110917 , 1000
906 , 727.9163399117009 , 30.28416352640292 , 1000
907 , 42.65648005291619 , 24.10029006961351 , 85
908 , 39.256432962835675 , 31.1481869200688 , 64
909 , 712.369476632147 , 73.39209828472933 , 1000
910 , 722.3339965637971 , 35.01698565467691 , 1000
911 , 723.7480020101495 , 38.92255059559923 , 1000
912 , 693.5619170232958 , 40.20154957163558 , 1000
913 , 77.97123981622983 , 26.788104714824485 , 120
914 , 747.8034397799203 , 28.541583780260353 , 1000
915 , 729.5633908113439 , 27.13525019357567 , 1000
916 , 724.8276195723723 , 30.475489239653232 , 1000
917 , 27.639051685664334 , 44.32576619100322 , 48
918 , 34.69985928229178 , 36.42870311613172 , 59
919 , 665.714717351408 , 75.03199212051877 , 1000
920 , 38.810531086579616 , 34.19103935425621 , 67
921 , 83.2398914274682 , 25.135436965269108 , 121
922 , 705.7656505646584 , 43.84879406238247 , 1000
923 , 32.18753474847279 , 36.82451282137213 , 72
924 , 18.5659523159816 , 52.88405675825889 , 44
925 , 39.47661679384187 , 35.29912847286285 , 56
926 , 718.1653998685812 , 35.404343850298496 , 1000
927 , 725.6025852344129 , 30.703696706010465 , 1000
928 , 706.2137292301752 , 33.15790162376632 , 1000
929 , 29.70103023638672 , 45.06804372348572 , 49
930 , 21.789734834121713 , 45.69055187788877 , 48
931 , 704.7688564603131 , 40.32235017660722 , 1000
932 , 30.584784147168 , 41.05142908715479 , 55
933 , 707.7958378494272 , 34.124519659992885 , 1000
934 , 702.0368716407901 , 64.72475181998595 , 1000
935 , 728.6552780137255 , 30.13980991716037 , 1000
936 , 731.5170360585842 , 30.465510109409813 , 1000
937 , 716.9333424126316 , 35.82499942963596 , 1000
938 , 691.894273352261 , 35.20887206999091 , 1000
939 , 722.3046106501229 , 40.758810536751554 , 1000
940 , 689.2477906655447 , 31.674378590365027 , 1000
941 , 34.87083865851442 , 30.29737838132457 , 78
942 , 735.7120092168869 , 27.559611513069374 , 1000
943 , 15.534348763430751 , 65.4263186762229 , 43
944 , 728.8754388637309 , 37.464208829169394 , 1000
945 , 18.712053807618616 , 61.319429371853005 , 41
946 , 718.6890424466876 , 38.70094591117897 , 1000
947 , 30.160725521005574 , 26.020163279783183 , 62
948 , 724.7840036099094 , 35.18296357861153 , 1000
949 , 691.21478826821 , 35.92801318081982 , 1000
950 , 43.948334695754305 , 28.17797054689013 , 83
951 , 40.240051056127875 , 28.630478800232936 , 69
952 , 25.92276777742728 , 46.141656285336275 , 50
953 , 692.1452562229344 , 86.43179034121056 , 1000
954 , 38.29253012544225 , 33.79796670689191 , 69
955 , 726.5735190891392 , 28.811024475589964 , 1000
956 , 528.7345198475713 , 33.348985276169756 , 718
957 , 714.6358542503528 , 29.573945721113045 , 1000
958 , 37.74573148168257 , 33.21727193063597 , 66
959 , 24.657853075505116 , 32.490094628936795 , 59
960 , 715.6099365086984 , 37.60445599581915 , 1000
961 , 13.106030922173725 , 66.43970815715012 , 46
962 , 24.2451535891689 , 45.11809287042824 , 49
963 , 16.879305237080604 , 68.37579225328209 , 43
964 , 27.85326917870471 , 40.336412636136636 , 53
965 , 34.519938135392756 , 28.004883361592597 , 59
966 , 16.13502134313042 , 48.39219649363409 , 48
967 , 727.4800716507954 , 46.06741938316405 , 1000
968 , 38.08068457619633 , 31.966309303570505 , 68
969 , 714.6338165660663 , 31.261993421262883 , 1000
970 , 718.7843491238095 , 32.479813057549144 , 1000
971 , 24.992989416578343 , 39.02704978031692 , 50
972 , 717.7572463008656 , 32.96299929785694 , 1000
973 , 34.63333214228109 , 30.338865876389242 , 58
974 , 37.0812913025893 , 35.56894422588685 , 53
975 , 17.191797274760127 , 40.967585084664364 , 50
976 , 40.09016220530253 , 31.318747357390624 , 98
977 , 24.880006620171507 , 33.268515364433235 , 63
978 , 22.345247646000733 , 45.698874059857246 , 46
979 , 717.2044317826168 , 44.730353593837386 , 1000
980 , 716.6261445297217 , 36.208032721319924 , 1000
981 , 720.2695445665485 , 44.18100819467426 , 1000
982 , 723.2563390611734 , 35.65509157746686 , 1000
983 , 34.97081450024138 , 33.47891369497475 , 62
984 , 708.8560754537574 , 31.558997632789385 , 1000
985 , 31.789718411241452 , 28.44354847969245 , 62
986 , 23.68928575881818 , 51.163461715387534 , 41
987 , 712.4552286352764 , 42.08564383209485 , 1000
988 , 719.8837320775751 , 32.295316989544304 , 1000
989 , 26.04080179963481 , 33.95248400065408 , 67
990 , 80.57226358846829 , 27.306246224201466 , 112
991 , 67.8565358731378 , 23.874901899238143 , 92
992 , 715.5465886298199 , 31.258350995149804 , 1000
993 , 731.7062868035674 , 30.044213479024478 , 1000
994 , 24.060272779620686 , 46.85126999571126 , 43
995 , 714.7290665737519 , 38.85685023376579 , 1000
996 , 20.966547969225577 , 42.09569952035442 , 45
997 , 728.5518527858578 , 27.97878356407903 , 1000
998 , 21.598895018102844 , 43.49931305135488 , 44
999 , 712.8636124445475 , 28.971311133810243 , 1000
