Seed Value:- 61
1 , -1934.8747732667255 , 0.8048960345675382 , 22
2 , -10263.889091019215 , 134.0656694606284 , 31
3 , -8835.003174209032 , 40.035269977547145 , 18
4 , -9044.448004320044 , 40.628501247125755 , 19
5 , -9614.047343369162 , 74.62981375334849 , 29
6 , -4199.742093304803 , 96.22020756425047 , 35
7 , -600.2514188239552 , 90.76168617758032 , 40
8 , -978.2867740102283 , 9.560253671523936 , 27
9 , -443.2104071697883 , 49.68307698942265 , 68
10 , -648.2671404618965 , 95.37101847811596 , 43
11 , -676.527347796727 , 46.026326872056025 , 35
12 , -713.1784534567721 , 88.95091095595862 , 48
13 , -1001.1736805305587 , 34.911943625019894 , 119
14 , -1324.8154944420173 , 34.39339447545998 , 129
15 , -859.3135946784157 , 70.47608326630804 , 61
16 , -1081.4992639602797 , 74.41614439578512 , 91
17 , -640.5904550340758 , 28.25281809791008 , 26
18 , -877.254994686621 , 39.71853353072153 , 46
19 , -910.5187851733165 , 67.21965298059806 , 61
20 , -491.26369211013224 , 37.51796804003658 , 79
21 , -715.5206998389624 , 53.25315312473333 , 40
22 , -1053.4439334020194 , 38.36413369931217 , 51
23 , -1071.2811738402124 , 35.052902727782794 , 50
24 , -653.7588895060978 , 19.232747630320112 , 21
25 , -681.6403936266544 , 36.536072946649604 , 111
26 , -1378.2928219902512 , 35.947829998997626 , 133
27 , -202.31802644268345 , 31.997296264081378 , 61
28 , -113.52177498070753 , 33.50133587232035 , 63
29 , -771.2021595651993 , 34.123649188704434 , 107
30 , -1555.4427171790499 , 55.127655722676444 , 137
31 , -959.1493204253485 , 33.1850462608324 , 43
32 , -1170.4724184221077 , 40.64267472570432 , 59
33 , -1018.6834381520331 , 38.12873182995336 , 46
34 , -944.6392217038372 , 35.1898819152694 , 42
35 , -741.466631967016 , 25.30430636750721 , 25
36 , -745.0829768371018 , 41.222361421293115 , 36
37 , -291.59247435675906 , 30.44767741183058 , 84
38 , -573.0332237968303 , 27.043375620084582 , 126
39 , -1110.6706666982118 , 49.54606986047868 , 64
40 , -1278.1479909729624 , 49.60017081537964 , 188
41 , -229.8331574215262 , 28.93667020122929 , 85
42 , -1240.3317393622642 , 55.36926361834024 , 77
43 , -933.4265434432529 , 46.882070008302875 , 56
44 , -483.0440301220107 , 57.962349382006096 , 56
45 , -718.8652176191827 , 27.881121048048268 , 29
46 , -865.6505934992302 , 71.48198242829868 , 51
47 , -820.7159518990353 , 37.91251825006352 , 37
48 , -230.62333346700476 , 29.43517533135963 , 75
49 , -198.4514856513269 , 26.705893079517207 , 121
50 , -300.73531763480986 , 37.10336869567028 , 74
51 , -185.48903790043647 , 24.56161956150621 , 77
52 , -465.1228235595005 , 59.84077721602602 , 56
53 , -401.44943581947757 , 27.250618220041506 , 191
54 , -173.85061857360046 , 27.415844222839482 , 136
55 , -226.89784511382933 , 33.92515159459504 , 57
56 , -295.03680256830984 , 38.27537546935963 , 64
57 , -994.7672788907465 , 32.04928568550136 , 34
58 , -362.9954433570386 , 32.1143190907857 , 133
59 , -267.71118385168074 , 30.892908454099757 , 119
60 , -604.1437074614055 , 34.76095078743457 , 324
61 , -1364.8958910003346 , 59.00901707585379 , 209
62 , -659.2955510671466 , 63.29022920051142 , 49
63 , -305.92373839102584 , 52.86343047683603 , 43
64 , -647.3443868494703 , 35.12314158990448 , 192
65 , -213.8985349005572 , 36.552394266288275 , 67
66 , -223.9528108808499 , 28.8145445889576 , 88
67 , -156.45539865116578 , 32.53771196110589 , 58
68 , -552.98999576938 , 31.650983313587904 , 203
69 , -155.07040715480494 , 27.159576370250473 , 79
70 , -474.3705236121112 , 63.4289535981209 , 48
71 , -337.2652154385757 , 34.35200160071589 , 71
72 , -134.50620830620167 , 45.133824273905496 , 44
73 , -347.8975593178598 , 53.37628468500413 , 42
74 , -220.0775220157807 , 25.99135846275851 , 108
75 , -171.83429572766056 , 34.164940622413795 , 75
76 , -331.54345736026596 , 32.311770435695465 , 107
77 , -197.90115712041265 , 30.52425546228271 , 55
78 , -328.72221379410445 , 29.45327690582339 , 141
79 , -494.62059300975494 , 26.002644875097015 , 305
80 , -120.78636289934423 , 34.935667492063175 , 55
81 , -634.1280436165937 , 82.17132401849173 , 38
82 , -299.72153225244347 , 30.09002017640071 , 149
83 , -105.5891085347095 , 26.5769540466427 , 80
84 , -501.4676805219037 , 29.895636778145875 , 185
85 , -216.41494626970805 , 29.98728853427158 , 78
86 , -168.9049262055097 , 29.16169966397491 , 81
87 , -531.6499419930442 , 58.000338837163156 , 44
88 , -503.50970144224596 , 29.17613881847862 , 191
89 , -173.78383558981108 , 28.34242294555275 , 85
90 , -241.3680377683878 , 31.25374088513292 , 81
91 , -464.11696478255385 , 28.44273893527222 , 214
92 , -226.3830920257083 , 36.29609390892307 , 63
93 , -202.1051627859703 , 39.67849467633599 , 54
94 , -138.84614923999382 , 38.29420052203971 , 50
95 , -192.0330559669816 , 29.8034044393374 , 62
96 , -99.4309883282079 , 72.6225675466698 , 43
97 , -86.87393944306652 , 58.76182401292263 , 45
98 , -203.28355050385133 , 34.36861213259461 , 59
99 , -146.03408115160897 , 73.32098907565553 , 42
100 , -365.54169107142474 , 35.02437076036626 , 93
101 , -189.43629648852712 , 34.050629208502365 , 62
102 , -216.1883397251286 , 26.9683280351128 , 102
103 , -179.9194086560836 , 26.749496804145377 , 87
104 , -148.03032521798593 , 32.46984901825122 , 66
105 , -310.39218798004447 , 26.05599957851099 , 204
106 , -177.32232881624907 , 32.98358551671626 , 63
107 , -119.7099965978983 , 37.29330706809307 , 51
108 , -254.0286928798658 , 28.83500254581909 , 135
109 , -177.76176011368173 , 38.90700358618981 , 55
110 , -398.80244122555087 , 31.04498256603876 , 184
111 , -138.13812236971634 , 30.101318593697478 , 62
112 , -147.0696076742981 , 36.87560239338388 , 62
113 , -172.69401361795934 , 25.092070660872754 , 112
114 , -238.79697727204857 , 31.907396388234137 , 96
115 , -189.18166414987235 , 28.504883804845242 , 75
116 , -151.2602634630246 , 33.76778719274622 , 72
117 , -680.0827186499981 , 30.856857054829046 , 441
118 , -324.34050455798535 , 29.958948712020188 , 144
119 , -311.2691011919978 , 29.607298994497334 , 147
120 , -96.85337045917233 , 42.64528588399475 , 48
121 , -378.75730743753155 , 27.131232553630774 , 188
122 , -127.90357614277309 , 33.7419032564531 , 58
123 , -217.6891500757061 , 30.25668564590385 , 86
124 , -470.9192559158464 , 35.751001525142485 , 232
125 , -202.17350165438125 , 29.80764119749002 , 70
126 , -77.55434148921591 , 41.31098209999847 , 51
127 , -97.69793392464219 , 26.32488215735466 , 80
128 , -105.69733531915307 , 40.912913700708955 , 49
129 , -104.42752036508332 , 33.67833380026217 , 61
130 , -519.0848358498395 , 28.633297839566513 , 313
131 , -207.0430674591938 , 30.170237339106208 , 83
132 , -146.47325852596168 , 25.48310394482898 , 91
133 , -116.24997322914508 , 36.50085847868124 , 51
134 , -92.99586558439286 , 44.90907224755351 , 44
135 , -121.12771980063539 , 29.063947314652996 , 92
136 , -466.60437621772843 , 26.857997384180436 , 292
137 , -189.5162419642206 , 28.316247417735646 , 139
138 , -77.68090215947605 , 50.99659507337592 , 48
139 , -140.12382603070284 , 61.05173443941533 , 43
140 , -85.0096882385666 , 33.25023352069127 , 56
141 , -91.20234000091546 , 35.86574274986995 , 61
142 , -113.09723398013351 , 29.616575820024895 , 72
143 , -191.253697117702 , 32.09655753689623 , 102
144 , -46.48432589627027 , 32.2837620648899 , 64
145 , -248.18922870216124 , 28.497429056224888 , 133
146 , -73.29774796560315 , 48.720352803159685 , 47
147 , -65.17076421742229 , 41.51728813247116 , 56
148 , -118.19092203591468 , 31.482264141105382 , 65
149 , -79.85335729279227 , 62.300383217426166 , 41
150 , -135.66925858682944 , 28.140120537730027 , 80
151 , -231.6658210645285 , 35.1792940878191 , 80
152 , -101.24168810901965 , 27.186080558487543 , 91
153 , -140.44019462662237 , 26.224752599356282 , 105
154 , -194.79342551901826 , 25.410579204567068 , 121
155 , -101.90007525211054 , 38.90577294032677 , 56
156 , -145.04749188402533 , 29.76391067842078 , 98
157 , -103.33905319165217 , 33.64806192135751 , 70
158 , -57.541866056905114 , 40.977425578718716 , 55
159 , -95.07158404772731 , 27.576335284153778 , 68
160 , -72.7997897003829 , 39.034586931650736 , 56
161 , -727.2326911318834 , 31.729650877437354 , 358
162 , -127.8071197569831 , 28.701988907471666 , 91
163 , -401.18180016980455 , 27.115376782149614 , 258
164 , -472.40799106677343 , 27.170625307691235 , 292
165 , -109.88172070981315 , 42.34075450966924 , 58
166 , -80.08485910326033 , 39.21783236036639 , 51
167 , -81.88492170994152 , 33.31311362631386 , 64
168 , -731.8831028005116 , 29.28579472568436 , 395
169 , -80.16426478684585 , 47.35734479223578 , 52
170 , -46.77286537084967 , 45.98683314585315 , 49
171 , -112.10694762909046 , 25.358126032435294 , 92
172 , -51.036917677512896 , 39.172388060535766 , 58
173 , -136.99505693508578 , 33.85428014537857 , 67
174 , -71.04010506683264 , 31.705557907961843 , 64
175 , -112.0069894231787 , 50.49139509550351 , 50
176 , -96.66973324982719 , 36.733252092012926 , 57
177 , -97.40410134047453 , 65.04227366347504 , 42
178 , -163.67370613527086 , 30.35392385737507 , 90
179 , -69.84693652027036 , 31.407132622437743 , 71
180 , -48.69400422125372 , 59.78383178405815 , 48
181 , -52.196176770241756 , 35.444458017192055 , 63
182 , -88.22784797196363 , 77.8961841576374 , 40
183 , -111.57035514132161 , 30.789938279122 , 80
184 , -115.11743638134189 , 28.358553896553776 , 83
185 , -105.93356893558122 , 39.921945958830456 , 54
186 , -166.13715265017092 , 29.68534574061794 , 96
187 , -308.95880880164424 , 33.60969654628552 , 131
188 , -103.03970365218609 , 36.381651180300246 , 65
189 , -59.03201919189859 , 45.9042024878354 , 53
190 , -29.440426272748095 , 75.93902718708273 , 41
191 , -90.54985753635142 , 39.991023177440105 , 57
192 , -143.5682585569912 , 34.958995146555395 , 69
193 , -57.50162884431336 , 72.70952924925228 , 40
194 , -133.47119546995899 , 36.306547245796985 , 70
195 , -83.11105944923335 , 31.298169442317835 , 68
196 , -274.03648382396887 , 33.87670686580689 , 99
197 , -105.44339794488384 , 27.264317589045298 , 85
198 , -131.9542318241367 , 27.426418255744903 , 120
199 , -127.37387975853483 , 26.71272880407675 , 92
200 , -69.7495303199922 , 38.64846866680161 , 68
201 , -134.99646209216948 , 27.94279446538735 , 109
202 , -87.39910790557319 , 45.42708712259723 , 51
203 , -31.71228337323188 , 61.39856404733316 , 45
204 , -40.6893080571038 , 44.14805214769488 , 53
205 , -129.36974638416152 , 28.552936522203332 , 86
206 , -177.08583512601777 , 27.643538525208655 , 108
207 , -134.72156105588923 , 27.857046247252885 , 93
208 , -131.15222114994967 , 28.45332250145132 , 83
209 , -45.5369973180465 , 44.370451264344126 , 53
210 , -95.12325982385747 , 31.732972336721822 , 70
211 , -86.08031593194528 , 41.134045057553614 , 59
212 , -127.07351424330076 , 27.572358673911452 , 109
213 , -95.04288875672816 , 30.68217067673724 , 75
214 , -195.66733161068794 , 30.53301808554679 , 110
215 , -68.41431259028796 , 29.359483929250125 , 68
216 , -54.425993126062664 , 57.62253220051147 , 45
217 , -155.196556982366 , 29.051029683276006 , 86
218 , -142.93119063724257 , 28.609867361448188 , 101
219 , -280.1654653803594 , 25.997018076986155 , 178
220 , -75.03604080745285 , 44.258102601590174 , 60
221 , -66.93643580382373 , 38.557625794613436 , 63
222 , -137.24388930679737 , 31.2807512805103 , 82
223 , -314.67023210521376 , 29.445848352796805 , 161
224 , -171.44542424605098 , 31.531032624729725 , 103
225 , -129.92885041550934 , 27.82176303788386 , 95
226 , -217.4718182096563 , 28.834872534066598 , 133
227 , -244.55095817350158 , 29.55677358720349 , 131
228 , -246.18120700691517 , 26.79817592000247 , 166
229 , -135.870649084514 , 27.775874277514955 , 102
230 , -45.93626955784023 , 42.44950022840372 , 52
231 , -91.47909601351012 , 36.13544748573061 , 76
232 , -169.29509011643486 , 30.30805280337733 , 94
233 , -43.166313350275416 , 55.07320732564045 , 50
234 , -58.440240034103184 , 38.75880467868048 , 60
235 , -412.1015506038728 , 30.766441059692287 , 203
236 , -63.79518083682612 , 38.871020426351194 , 61
237 , -267.8006607066336 , 32.59236258784269 , 148
238 , -283.49286033080085 , 28.253535811271583 , 142
239 , -147.84647080690263 , 31.071515750978072 , 92
240 , -589.6451117161042 , 25.693629944272566 , 311
241 , -140.96051724534604 , 29.00935255856204 , 83
242 , -21.496329861759573 , 51.17362435396354 , 47
243 , -90.17994507157557 , 25.27326973763861 , 75
244 , -45.1491794970892 , 69.50159087209093 , 42
245 , -137.05271717845264 , 34.875767278767654 , 58
246 , -68.96803466929275 , 50.088722410653276 , 56
247 , -81.70658556389587 , 26.684270523181844 , 101
248 , -49.93337341480291 , 57.52285475333988 , 46
249 , -152.97656029615285 , 28.107593456425583 , 85
250 , -142.06113547691663 , 27.896408400496966 , 104
251 , -147.58427050236327 , 32.135471951511065 , 101
252 , -113.08464073883734 , 28.802619362441465 , 104
253 , -63.29636213932325 , 35.624524704941166 , 65
254 , -130.10613661757452 , 31.89605494307333 , 82
255 , -67.40210310977332 , 42.895031873066046 , 60
256 , -115.62086827196966 , 37.756113179758955 , 76
257 , -96.83843102177538 , 34.15256910448806 , 68
258 , -47.4897643693705 , 70.07397796184736 , 42
259 , -347.6104928561403 , 29.928936424230123 , 156
260 , -52.34056738953339 , 33.254213474051284 , 67
261 , -100.49304546274908 , 26.060629125831714 , 87
262 , -267.84102279342267 , 32.82081154297268 , 110
263 , -184.31824825911622 , 31.625645957930413 , 108
264 , -364.7076831481703 , 25.94938652118592 , 180
265 , -40.932736553460884 , 61.34271779005478 , 52
266 , -126.95797625726887 , 24.27216984676128 , 114
267 , -54.076027486244925 , 45.54072827858377 , 57
268 , -55.1300306948074 , 57.77523317193251 , 44
269 , -295.78332083903985 , 28.809130680682912 , 183
270 , -44.40392307259992 , 68.25691288288584 , 44
271 , -42.031484898874744 , 59.19467378094426 , 47
272 , -56.63246164596369 , 44.83053119094229 , 54
273 , -87.62967316245957 , 42.217466967344194 , 59
274 , -326.87696641159636 , 30.494694909167066 , 161
275 , -57.9725554612739 , 29.087595107083782 , 75
276 , -42.76628926248718 , 47.76472969990645 , 52
277 , -144.9284699426311 , 26.676240373022686 , 117
278 , -117.50818450972342 , 38.54306228671782 , 70
279 , -45.16501209160229 , 43.81210639255203 , 53
280 , -116.51130132728694 , 38.167808226669564 , 67
281 , -53.12574180126396 , 34.74517540785443 , 65
282 , -214.49264468722143 , 25.311787805260455 , 179
283 , -60.49682466278235 , 54.42785049237617 , 54
284 , -32.398860441321034 , 53.45578032770756 , 49
285 , -36.3474435249172 , 54.54252922025519 , 48
286 , -118.95292441117812 , 45.72675448353398 , 69
287 , -178.75502322925996 , 33.410978742985954 , 90
288 , -493.81573274587686 , 28.535338217060474 , 206
289 , -21.176861351508283 , 74.59991569516967 , 42
290 , -330.26455396454435 , 27.601840778969677 , 211
291 , -26.85931584476841 , 80.43098607275194 , 39
292 , -263.3861750087512 , 27.648043186826726 , 159
293 , -56.25700970470405 , 48.71165730952004 , 55
294 , -89.60897994916853 , 34.18851504975324 , 72
295 , -67.6010184938372 , 44.142220430971925 , 50
296 , -152.1058084581811 , 35.545274364807604 , 94
297 , -69.08861029981348 , 47.837981095788734 , 50
298 , -45.052225411944285 , 47.38833815340683 , 54
299 , -52.23048650637897 , 77.99238605363134 , 40
300 , -129.90275765088776 , 32.812217405233014 , 81
301 , -140.41299641276655 , 27.402453105658697 , 109
302 , -203.54179226347867 , 26.480934064966643 , 78
303 , -45.11139938994635 , 48.361242170701274 , 52
304 , -109.19771654057554 , 27.68616909621338 , 102
305 , -100.6757959486432 , 49.747610980820646 , 54
306 , -93.41398905392927 , 31.38759887024406 , 80
307 , -36.90537084389071 , 61.028360420439896 , 45
308 , -137.84981903901902 , 35.87645304201601 , 79
309 , -235.18249814618318 , 31.52802101510841 , 170
310 , -96.91503598358982 , 40.488106904967225 , 64
311 , -45.14037578520144 , 36.52699794556617 , 66
312 , -114.56506886909918 , 40.43960265020877 , 67
313 , -68.15934993449608 , 40.678851667489134 , 59
314 , -93.28868650325941 , 42.630445030013696 , 58
315 , -151.42099127802697 , 40.73690713305888 , 77
316 , -46.037543803197806 , 52.444185778352235 , 52
317 , -161.80577902563536 , 32.015020454604475 , 81
318 , -119.64148933717874 , 28.2086305182731 , 95
319 , -45.11967046385848 , 50.1998566799818 , 49
320 , -71.7007385108371 , 46.750425447292834 , 59
321 , -202.76397885802197 , 27.292249883030472 , 114
322 , -98.1582882126937 , 47.89749905573583 , 55
323 , -294.49408034779134 , 26.985715383884227 , 200
324 , -305.14982894032926 , 32.36857390586876 , 164
325 , -30.78768790388152 , 67.2502846359871 , 42
326 , -28.633157680023334 , 75.5050740286366 , 40
327 , -85.43018163785592 , 33.83099532820081 , 70
328 , -118.78435186476763 , 44.3183949168207 , 62
329 , -62.05859713760347 , 45.07284890985539 , 51
330 , -226.56200951816544 , 40.802941862895416 , 73
331 , -28.614877883667354 , 67.83810925234023 , 40
332 , -53.15800119631998 , 66.18435439626619 , 42
333 , -49.31418478970118 , 56.64363535344168 , 48
334 , -47.36742165788084 , 75.30899391753168 , 39
335 , -126.44906987793298 , 29.34801513234177 , 93
336 , -234.5024950291257 , 30.10723913951967 , 100
337 , -195.37351047636062 , 35.73707161926549 , 78
338 , -40.73458967128765 , 48.205969172256104 , 51
339 , -652.8936073894935 , 29.497194424072532 , 147
340 , -35.567707473001555 , 49.23193604102596 , 53
341 , -320.95883170659124 , 31.90987178609331 , 175
342 , -46.84231569683471 , 50.39599733007496 , 53
343 , -79.27452852118464 , 55.08942850049576 , 49
344 , -76.35157550375531 , 42.2018513531491 , 60
345 , -110.61266076575671 , 48.84044048896997 , 59
346 , -60.935051779678055 , 54.04967829331805 , 53
347 , -120.66013307869326 , 39.75444103443066 , 70
348 , -29.721735231883635 , 51.47212143646607 , 51
349 , -72.52150337639343 , 51.88421164191279 , 48
350 , -64.05841708527777 , 49.05387935238026 , 53
351 , -44.6580713284701 , 42.47032941816781 , 58
352 , -67.16960710458079 , 39.148129122141775 , 57
353 , -124.17181442124792 , 34.86884477894358 , 66
354 , -192.08354126745235 , 30.325721251818134 , 140
355 , -92.29625918755475 , 38.32481396912233 , 65
356 , -69.82260965750571 , 39.56656320736558 , 60
357 , -66.60879085088915 , 34.150259730095335 , 67
358 , -138.97430102417482 , 31.85361721287529 , 86
359 , -133.49928114957433 , 36.910341570451195 , 70
360 , -70.7123527962668 , 38.80999407822118 , 68
361 , -260.1231969803812 , 35.47990178943626 , 99
362 , -60.83930960109934 , 42.97258654962568 , 59
363 , -112.53728528430989 , 38.18183652255854 , 70
364 , -478.3302121262751 , 62.69853917920959 , 101
365 , -97.80612590964918 , 31.48820322224191 , 74
366 , -25.511108926810458 , 70.63532706211534 , 43
367 , -90.09313054383654 , 38.638263171947344 , 58
368 , -241.04206331127062 , 29.89391455648021 , 90
369 , -203.05632142503669 , 29.913337013586677 , 110
370 , -156.18941047664 , 31.375035452448042 , 90
371 , -47.25020413754386 , 51.421583742126245 , 50
372 , -97.81005316381822 , 37.3059634120471 , 61
373 , -75.38494289262651 , 53.357891276212676 , 47
374 , -35.72878626769598 , 52.26873857292533 , 47
375 , -51.35461548033084 , 36.75543660689315 , 63
376 , -185.5810623964652 , 32.042575564938126 , 88
377 , -300.3780470575334 , 27.551331773722783 , 180
378 , -65.31750187123065 , 58.84132630431728 , 43
379 , -123.0500017532588 , 37.2242680836955 , 70
380 , -145.49682419568194 , 34.0492947548628 , 91
381 , -86.28020314176823 , 38.11728417789818 , 69
382 , -50.36749517133604 , 35.054667225076116 , 64
383 , -81.09561683071381 , 42.80340338822517 , 60
384 , -50.51995415555991 , 40.91586833739895 , 63
385 , -79.11189278300697 , 37.272964898686496 , 64
386 , -40.47401183875935 , 63.8121746696155 , 42
387 , -81.58634344472608 , 36.95344734837757 , 58
388 , -43.45506514459943 , 38.64815045343892 , 57
389 , -262.4269212091606 , 27.973182230700807 , 190
390 , -271.0304166453385 , 35.667268467767855 , 100
391 , -244.33848625719762 , 35.31360417426098 , 83
392 , -67.5984497868904 , 66.54708597923226 , 42
393 , -39.38912800451792 , 54.29273441352744 , 45
394 , -34.56838244075113 , 44.36878759425798 , 55
395 , -191.11822243066308 , 30.73307627983129 , 109
396 , -106.65936504585024 , 30.193306181836714 , 74
397 , -89.21093651694297 , 37.28252787658654 , 64
398 , -112.59621194693537 , 36.8335235952294 , 77
399 , -178.30592988186586 , 40.30277028963063 , 75
400 , -87.86001955597341 , 45.61888187539746 , 59
401 , -44.03875025397007 , 39.32043446083638 , 61
402 , -87.57514335505061 , 46.13299722572495 , 59
403 , -166.97533516114274 , 29.3488512975373 , 108
404 , -430.2686898435083 , 43.185850052538925 , 120
405 , -258.8771457326066 , 30.792403968117153 , 145
406 , -68.62066689047178 , 53.135589181496606 , 49
407 , -139.8264356386967 , 28.017570882842953 , 99
408 , -227.13823777143787 , 36.63632726554141 , 74
409 , -98.18245441973053 , 47.04522636472621 , 65
410 , -60.18463200579933 , 41.00049893990846 , 63
411 , -148.1363516623904 , 37.03105450017121 , 74
412 , -189.2249060417953 , 34.76958271135759 , 97
413 , -229.14049947513303 , 44.15977060677171 , 59
414 , -152.59334297582274 , 42.71579300740294 , 64
415 , -95.24938477235303 , 40.068658604271874 , 64
416 , -114.92751537768967 , 25.67518818886243 , 103
417 , -115.77732874435023 , 29.962578887127993 , 92
418 , -229.3379454503197 , 31.612394448036795 , 126
419 , -163.41541890807434 , 52.09496786453925 , 66
420 , -62.33181670352306 , 41.10000360701816 , 60
421 , -48.269972307450644 , 30.228374392931553 , 64
422 , -162.45613306029045 , 26.513550538753027 , 107
423 , -47.0607329202602 , 47.11056295534793 , 49
424 , -32.51949020125373 , 35.05570007440334 , 62
425 , -198.18545466147404 , 32.25971151227441 , 104
426 , -68.76649795288003 , 41.59842175744146 , 58
427 , -49.21092424648199 , 32.55269931549991 , 65
428 , -234.26187652504174 , 31.65608309145712 , 124
429 , -57.22786936530998 , 56.47029286467121 , 49
430 , -82.57957246208956 , 30.54766451374015 , 74
431 , -162.87085331488976 , 26.227653262922463 , 118
432 , -154.9587818849125 , 35.74894099509379 , 85
433 , -90.58428027079621 , 37.63302571717811 , 68
434 , -214.84998100323074 , 29.35684966243167 , 101
435 , -37.82306059270119 , 65.9456025920877 , 43
436 , -43.699379101401846 , 50.4821359378073 , 49
437 , -98.52507565184253 , 45.73490171050808 , 60
438 , -66.1778044969304 , 43.77852032073908 , 59
439 , -306.50831015640796 , 36.41295994539295 , 117
440 , -137.20858302426365 , 31.45832087984894 , 88
441 , -109.41458734652994 , 33.84309411298671 , 77
442 , -102.05516987509071 , 39.76768947072794 , 66
443 , -244.8654027034501 , 31.236562179927976 , 113
444 , -91.96974866777369 , 39.60739953074977 , 64
445 , -27.085600991219028 , 55.733637438737226 , 47
446 , -43.217788188691145 , 42.570249521296255 , 63
447 , -203.88597164056003 , 34.76095776352163 , 83
448 , -25.544235405333172 , 74.67596757644871 , 42
449 , -162.8029379700743 , 27.00033737430093 , 114
450 , -33.28496627253743 , 48.90126692350535 , 49
451 , -79.25545793148888 , 41.05039769517347 , 59
452 , -39.94656374425764 , 71.71902907107668 , 43
453 , -175.09919667654793 , 33.64171824240565 , 83
454 , -89.54895706814433 , 38.738238656306606 , 67
455 , -122.68817061774615 , 31.976059631708047 , 81
456 , -40.28144200285501 , 39.76967680846845 , 57
457 , -2701.832297060098 , 45.27321396941724 , 186
458 , -139.9943201128593 , 32.14779748583473 , 86
459 , -104.32078177245923 , 25.250964370704867 , 92
460 , -2109.776547233466 , 42.86954418683187 , 149
461 , -57.56866046219307 , 44.80452255556939 , 56
462 , -39.382684267275614 , 49.25450551464791 , 48
463 , -112.00527423223463 , 36.70408881365336 , 73
464 , -52.885065053002165 , 56.77978766446998 , 50
465 , -178.69884315153192 , 43.86374050335791 , 69
466 , -35.56083062999157 , 71.53384983520954 , 43
467 , -127.03040297913624 , 38.56675501762169 , 69
468 , -274.35680394022944 , 34.02444812111092 , 148
469 , -80.64624963667396 , 36.5820063540873 , 68
470 , -127.87875783198163 , 35.983298941563845 , 66
471 , -35.76034766437329 , 48.29069328604828 , 48
472 , -87.8916770803191 , 35.56081761653144 , 67
473 , -113.17835885631361 , 45.120820338654575 , 63
474 , -179.42045140579532 , 39.833865168583834 , 78
475 , -160.480525998835 , 31.795795318513203 , 89
476 , -163.03037763090177 , 37.80966583891573 , 80
477 , -134.51204663153374 , 116.94317358898877 , 40
478 , -262.88606432174504 , 34.98244147370718 , 132
479 , -50.553223734152084 , 59.69497542543771 , 47
480 , -260.83103478623593 , 35.76061211770873 , 124
481 , -45.17605519092722 , 75.7389137502808 , 39
482 , -185.08022680056771 , 35.481125600432826 , 84
483 , -156.18772648646265 , 32.55492601552906 , 84
484 , -53.69589714245139 , 46.80330647157511 , 53
485 , -271.14645774776994 , 29.195680791495914 , 114
486 , -219.44013624791194 , 30.07419978130543 , 110
487 , -36.033996262079675 , 73.00910271421589 , 41
488 , -109.42947605040055 , 41.27237284315811 , 64
489 , -66.30446979060146 , 51.55590615482114 , 51
490 , -143.40394074821955 , 63.411342567069156 , 52
491 , -35.42013086020138 , 71.00210218959357 , 43
492 , -215.33611004752282 , 29.170747244051572 , 115
493 , -137.6679366506204 , 27.507263591347904 , 97
494 , -157.4134448786219 , 36.1123325621547 , 77
495 , -50.788632835021424 , 48.356609203228885 , 54
496 , -220.62595556302475 , 38.27432463223849 , 79
497 , -35.19462061001542 , 48.35941465109409 , 52
498 , -215.26261099303017 , 34.560277263277136 , 86
499 , -246.1752091021864 , 29.55378285275484 , 129
500 , -19.320517523596305 , 62.61811300173231 , 47
501 , -99.24962026721059 , 35.99635907262302 , 75
502 , -30.76803159604102 , 60.58078602063744 , 46
503 , -169.2909102141602 , 39.67475257481555 , 73
504 , -134.9546888194055 , 67.04992874947479 , 53
505 , -56.607651956230434 , 30.806827358914127 , 77
506 , -102.2634757086357 , 62.63274123246762 , 52
507 , -218.8116649058168 , 30.64856989796662 , 90
508 , -78.24957182480415 , 38.1545095961494 , 64
509 , -93.66925030615175 , 30.558991644741727 , 78
510 , -88.55250838893113 , 46.96119497236513 , 50
511 , -92.74295625987966 , 46.0716607979506 , 57
512 , -81.52960932089043 , 34.98528539773961 , 70
513 , -187.66790996786216 , 30.77698906069062 , 124
514 , -56.21115867181066 , 39.090273051088964 , 57
515 , -74.7874787511634 , 45.38199038368275 , 57
516 , -171.7021575724737 , 31.214014147450754 , 85
517 , -53.14083727832934 , 51.36979021553518 , 48
518 , -98.64556332752996 , 37.96393024687034 , 60
519 , -99.72464470370524 , 28.677392499302975 , 88
520 , -42.34368809400995 , 61.78106556268749 , 42
521 , -169.7760610226626 , 27.482234740875064 , 89
522 , -81.46049906932896 , 64.29922845531829 , 51
523 , -94.50294939157571 , 36.40225310248141 , 57
524 , -36.56902994292925 , 74.76276529410237 , 43
525 , -46.621140015834484 , 40.946121484621486 , 58
526 , -175.4335158602171 , 36.41442144265866 , 77
527 , -95.30439563008721 , 38.46116103936171 , 63
528 , -31.994606407961967 , 42.40810928589162 , 53
529 , -75.54795054253715 , 32.187071949158366 , 70
530 , -236.38311178646723 , 32.307246836929075 , 127
531 , -149.86263433795278 , 29.54438015754294 , 86
532 , -131.1890325801199 , 32.934248386583235 , 78
533 , -35.3833875856198 , 42.51339601194384 , 54
534 , -134.27290422984385 , 28.041705038480742 , 111
535 , -228.75029975942533 , 31.60185639295481 , 116
536 , -31.04507711066935 , 51.56966054479037 , 49
537 , -203.4954748168709 , 37.565366314867916 , 84
538 , -35.11156601159793 , 43.09132180215129 , 53
539 , -147.24697947380247 , 33.94221846391948 , 79
540 , -185.986788709532 , 31.28290297390528 , 117
541 , -258.02645906232846 , 34.99629625276744 , 88
542 , -66.96196194779837 , 66.39054441074677 , 46
543 , -24.520694340820924 , 55.926774186223525 , 48
544 , -60.11493427406933 , 54.262550866322734 , 50
545 , -39.9324405945824 , 54.01147427534019 , 52
546 , -63.8182223228279 , 30.969429220048212 , 70
547 , -99.43706630373076 , 24.575474509742634 , 89
548 , -60.30140483407412 , 41.00408631135872 , 54
549 , -84.7109106845952 , 62.58768839179696 , 48
550 , -238.10736190235667 , 26.12363582591657 , 148
551 , -101.03849164267726 , 35.65079089012085 , 71
552 , -22.745841099015003 , 65.65179522041917 , 43
553 , -118.55149036054796 , 34.95584143816003 , 74
554 , -37.39880834569581 , 54.605136174055964 , 48
555 , -122.1217807551513 , 28.556450403169944 , 101
556 , -79.44188699728198 , 47.754014507294336 , 60
557 , -58.65799796616918 , 33.335890585988835 , 65
558 , -306.10379757455536 , 31.231310729496354 , 173
559 , -68.70295605539309 , 39.344520309544514 , 62
560 , -203.2783982676827 , 31.940300565355376 , 94
561 , -36.6887492575162 , 61.983409306076865 , 48
562 , -50.88034247413135 , 51.07635332278834 , 50
563 , -206.03290719366848 , 26.02434665977733 , 126
564 , -84.90113842713889 , 42.473859318636414 , 62
565 , -250.6102835652563 , 28.519216160548613 , 147
566 , -161.9369681811882 , 31.303899124101786 , 73
567 , -62.040016975364175 , 35.32426265154444 , 67
568 , -256.36318962453333 , 35.33009168628351 , 66
569 , -66.4040733975065 , 84.37415847289427 , 41
570 , -29.021096589211304 , 51.15171474863653 , 52
571 , -45.75822915443217 , 44.449876594407314 , 59
572 , -238.2735906562743 , 25.766295968980753 , 128
573 , -52.17124557244868 , 33.983816034531046 , 66
574 , -39.77357704588055 , 45.96919229843994 , 53
575 , -273.80335502336203 , 35.90865382263522 , 100
576 , -139.42357073239558 , 28.408774707814842 , 110
577 , -41.80994244657712 , 56.06803157418485 , 49
578 , -52.1157517219697 , 56.21512238625314 , 46
579 , -39.169037238728244 , 79.09772354810768 , 41
580 , -99.94535407633707 , 55.388779255030734 , 55
581 , -56.524352710944406 , 56.63943268687359 , 51
582 , -185.01253405591967 , 32.63290029756135 , 94
583 , -96.52890340266875 , 55.50327412250651 , 47
584 , -63.51288566749544 , 42.013343110939665 , 59
585 , -150.69659495165902 , 38.1003359510222 , 74
586 , -113.85042611513076 , 33.079822712967015 , 71
587 , -26.825550252346986 , 82.28888118974469 , 39
588 , -94.06995401373995 , 34.42828198100936 , 70
589 , -141.8363897300669 , 28.427539098407937 , 84
590 , -65.38631650028516 , 39.55850121159623 , 60
591 , -52.21655596289312 , 42.54183369416353 , 57
592 , -48.70146427450667 , 57.19094858950894 , 49
593 , -61.73901281004391 , 42.94632954012593 , 59
594 , -252.64343745127272 , 30.587047071782184 , 117
595 , -68.8792925526942 , 77.19184673415083 , 44
596 , -98.94814018518791 , 54.856875753930204 , 57
597 , -302.93042722467806 , 27.335342090985755 , 77
598 , -73.43652611216514 , 37.54737750764936 , 67
599 , -42.339315521593676 , 75.79955760907475 , 42
600 , -26.260467339972934 , 82.3392206772663 , 38
601 , -38.19059742701788 , 49.27760273799717 , 49
602 , -236.5207573731571 , 27.81231585943736 , 153
603 , -107.39530358693983 , 29.386339589904598 , 86
604 , -92.28114920170927 , 33.38092560935555 , 67
605 , -358.5947482271685 , 33.08777291574112 , 54
606 , -268.35404294710827 , 30.262425561324925 , 116
607 , -42.264550166238855 , 70.07332490290594 , 46
608 , -55.037863997675885 , 43.77200226323743 , 61
609 , -18.83707650269904 , 70.51163727529263 , 43
610 , -30.51471907154378 , 39.14060061754509 , 58
611 , -42.34630006815538 , 46.739945439586016 , 50
612 , -71.45361453437629 , 29.21836436688434 , 82
613 , -115.55229623562424 , 42.05397434915106 , 57
614 , -29.080558369878535 , 66.48812913694812 , 46
615 , -154.4958234539158 , 34.75522764755716 , 84
616 , -42.58427725159329 , 56.780134661529374 , 52
617 , -188.86962723046852 , 30.407599905245995 , 98
618 , -72.81850096553812 , 39.99004007681304 , 63
619 , -64.97817814880656 , 35.771137186977654 , 71
620 , -46.85983030421265 , 38.29760115732248 , 61
621 , -38.6948247342924 , 86.35939798300569 , 40
622 , -53.84389743432923 , 47.741586803288676 , 54
623 , -37.96345384373736 , 44.59798153823384 , 50
624 , -30.204879287207813 , 69.05202849789411 , 44
625 , -116.75934906762461 , 36.867369146530564 , 79
626 , -66.6374825028493 , 34.056712903441074 , 67
627 , -38.051515295302686 , 80.29360719440596 , 40
628 , -86.73584041805202 , 35.45237960362232 , 71
629 , -39.714382176203785 , 36.80845807716833 , 62
630 , -82.47091617328437 , 61.533550539624166 , 51
631 , -99.72126811684085 , 51.74024314498645 , 56
632 , -45.16161089939588 , 61.5736258078118 , 42
633 , -44.703045213810036 , 77.19617295877603 , 42
634 , -34.94858937145131 , 90.96817750727848 , 41
635 , -42.03747985961397 , 54.44125161544393 , 54
636 , -65.34538645947184 , 70.11990845728114 , 44
637 , -39.61040745590475 , 70.46183293868509 , 40
638 , -77.4054509841215 , 45.502437135171924 , 64
639 , -142.56114676958947 , 28.652299063672963 , 102
640 , -130.27418597179647 , 30.408121296820656 , 89
641 , -21.803876586945485 , 66.9191949328078 , 42
642 , -32.000729097793496 , 53.171169435622865 , 47
643 , -146.27215654093922 , 26.99988426211459 , 91
644 , -61.15658682195864 , 42.91671603580644 , 59
645 , -41.96954109211277 , 68.25717728665185 , 46
646 , -139.6501647815129 , 30.75106886120932 , 83
647 , -185.95324760856084 , 33.34340702624487 , 98
648 , -36.54194411968529 , 66.88982633815284 , 41
649 , -37.018541023822934 , 76.05001476559362 , 42
650 , -156.16555016970787 , 32.71346710144797 , 83
651 , -114.2165254915024 , 30.756426058814807 , 91
652 , -117.03321507892531 , 45.752058869619006 , 51
653 , -43.27004105854177 , 66.79361755737925 , 46
654 , -163.56800510892512 , 34.3773808751529 , 93
655 , -73.34384682265481 , 41.791782356362326 , 58
656 , -29.846026142787867 , 45.9803587367368 , 56
657 , -111.08060485472629 , 33.035586494678526 , 82
658 , -70.26725489931792 , 50.65632283178467 , 58
659 , -162.24650445579036 , 26.743356691924294 , 113
660 , -211.25782678077434 , 29.211590681830344 , 113
661 , -254.7443449247799 , 30.461581054800664 , 131
662 , -35.46064514643345 , 38.94165747524353 , 59
663 , -55.01655396850674 , 33.859074640037576 , 62
664 , -58.94454905440973 , 52.478701416707054 , 47
665 , -90.27587753442461 , 38.332788488681324 , 64
666 , -40.44272733319167 , 43.608116881080264 , 56
667 , -54.99795405287264 , 61.82549251119685 , 44
668 , -173.93695600051996 , 33.47653413362651 , 92
669 , -81.80772550205938 , 29.59185881425954 , 79
670 , -120.81916463313867 , 30.33531982123989 , 94
671 , -201.12049084677662 , 32.32697771094049 , 114
672 , -55.67725287761013 , 41.58684359038491 , 58
673 , -86.74152001081882 , 38.216912756459706 , 64
674 , -31.53649463663436 , 77.65723787115658 , 41
675 , -71.88504503355779 , 48.529681522844726 , 56
676 , -153.2428330436485 , 34.62317835167506 , 84
677 , -132.19779510063145 , 41.00530200634808 , 70
678 , -44.48035681138543 , 56.62340093913832 , 52
679 , -184.16294415065363 , 26.381487941851212 , 121
680 , -108.0574259885749 , 30.78456583638549 , 87
681 , -134.31132164807445 , 44.20852564228358 , 66
682 , -76.12789437411546 , 42.41909488971363 , 57
683 , -117.72363750716845 , 27.5547675212647 , 99
684 , -237.77000434131932 , 31.415449567861533 , 112
685 , -197.993410698425 , 28.391115651111914 , 98
686 , -216.8944863624167 , 30.137017007559514 , 141
687 , -166.6014235538027 , 32.8288990141984 , 83
688 , -30.95211340851348 , 54.93029061207003 , 47
689 , -201.57577154287736 , 29.899398936288737 , 97
690 , -32.02982376301713 , 61.69962031515223 , 45
691 , -34.54785389947517 , 77.43991992687117 , 41
692 , -132.53400423421044 , 29.4594438654067 , 92
693 , -53.42564859745493 , 36.72384791281094 , 62
694 , -230.06169907678841 , 35.087674420896334 , 106
695 , -214.624347533201 , 31.478724507868584 , 103
696 , -145.8639406946288 , 28.21887355591486 , 98
697 , -58.332209450145264 , 68.40470152404912 , 47
698 , -146.24372363323104 , 34.49896338153867 , 86
699 , -43.1595949634555 , 45.88907728396071 , 59
700 , -137.7029951418581 , 28.456956952378253 , 91
701 , -101.29024825714306 , 24.629512229941376 , 98
702 , -49.16590984840219 , 53.31740845644121 , 51
703 , -106.2274990243518 , 31.024153158313723 , 84
704 , -70.87522152777554 , 37.22278438107039 , 66
705 , -39.21452705643185 , 58.689027461544526 , 50
706 , -73.80738139586651 , 45.29879737695396 , 59
707 , -175.99250217192656 , 30.401142325488323 , 111
708 , -113.09089783135765 , 28.936348870943092 , 87
709 , -64.625068110006 , 37.78372457241768 , 68
710 , -89.58259188287052 , 49.8727270021166 , 57
711 , -252.16885668881397 , 30.99838666869977 , 141
712 , -118.16444662314333 , 29.132556638434995 , 79
713 , -89.12096070936734 , 36.18112985796356 , 73
714 , -69.71133495507702 , 68.75606724224707 , 39
715 , -34.599861997894045 , 32.48700777187342 , 73
716 , -148.0037467505547 , 42.39020397112611 , 71
717 , -112.2527949520408 , 31.636940678236268 , 75
718 , -136.24768193572385 , 27.983800949280482 , 103
719 , -138.8922185612898 , 29.928452251192965 , 86
720 , -34.11715671703806 , 51.33816591390283 , 50
721 , -254.0806522011693 , 27.698109987742342 , 206
722 , -22.147432953336 , 76.31381578463132 , 42
723 , -122.5592312157097 , 33.28036362073581 , 78
724 , -90.09917481965364 , 37.934770474568204 , 65
725 , -55.7940554844379 , 36.09534267648775 , 67
726 , -54.98916665682063 , 35.72281957381032 , 65
727 , -23.020408885160034 , 57.795363175517316 , 46
728 , -229.28172489621903 , 30.57372272236224 , 105
729 , -97.18041196940065 , 26.879101666331287 , 97
730 , -90.29065224879848 , 28.320663130484967 , 86
731 , -108.88561232253086 , 37.88730778218558 , 71
732 , -117.69492669694215 , 29.02808853744043 , 88
733 , -43.33408233890791 , 61.61592092589851 , 46
734 , -31.942726935596546 , 43.77586355811082 , 56
735 , -45.8373528371338 , 57.97138859873241 , 46
736 , -49.4672810735161 , 87.6328280496425 , 40
737 , -64.7613217091011 , 41.18753873929838 , 54
738 , -138.68403224341407 , 44.67626547948905 , 66
739 , -46.245324890083204 , 60.487943110247414 , 49
740 , -24.30907173971112 , 83.53886634585335 , 39
741 , -219.03400369973556 , 42.628916547108005 , 71
742 , -276.9263626137435 , 27.40961871305429 , 152
743 , -32.194357305672696 , 89.53214911669666 , 39
744 , -158.99973985194376 , 26.560515390944722 , 129
745 , -256.83393977922856 , 31.77520079902016 , 142
746 , -88.02103329569894 , 81.90268815428736 , 44
747 , -248.95980966370945 , 30.141720876135167 , 131
748 , -135.96168787890906 , 30.51975739620222 , 83
749 , -193.49657178328957 , 29.04421999964787 , 83
750 , -127.66903041380458 , 29.05000989776175 , 101
751 , -87.95390376380378 , 40.45465338369737 , 56
752 , -64.28557244546384 , 34.19884157703139 , 62
753 , -74.71573092673492 , 45.83675121309034 , 60
754 , -207.73222983806366 , 27.90786406951107 , 113
755 , -67.78752586584318 , 36.50164876125695 , 68
756 , -173.6576242111502 , 29.317049786640915 , 116
757 , -370.63382759542793 , 34.73265038331295 , 154
758 , -72.3815966846268 , 38.30786885085069 , 62
759 , -112.5831171346848 , 31.486177938596004 , 83
760 , -150.97457403373966 , 29.27607819398352 , 101
761 , -94.87722246739483 , 34.31498926305655 , 73
762 , -155.16668967982346 , 31.43532352908388 , 96
763 , -21.99293334849524 , 70.75117477685592 , 40
764 , -175.01824519686363 , 33.867015208629745 , 85
765 , -90.26537276951699 , 41.07420666144453 , 64
766 , -29.823556892907874 , 52.06693568788433 , 49
767 , -135.4593009986587 , 30.480875016372895 , 84
768 , -167.03565700344433 , 30.410552855063987 , 126
769 , -97.7152318529514 , 28.1652402650242 , 96
770 , -98.04790893832893 , 63.44160236121573 , 41
771 , -142.27455574589217 , 34.401315539739265 , 68
772 , -184.14974558543665 , 26.90593160309369 , 111
773 , -60.508773698093925 , 50.49126450079008 , 48
774 , -105.84059371362825 , 81.18144373766289 , 44
775 , -129.7085773023434 , 38.561874309043766 , 73
776 , -121.21371114455552 , 33.951624566847606 , 71
777 , -29.551111966980123 , 50.01983516681582 , 48
778 , -85.50518627040033 , 34.67153069260491 , 69
779 , -128.01464168955195 , 35.35441453497836 , 69
780 , -56.718670906253855 , 79.52338920550899 , 41
781 , -94.58666527484972 , 61.94043826458941 , 45
782 , -104.34029475930551 , 41.202156392415425 , 61
783 , -203.06249784799292 , 34.583112303274234 , 81
784 , -57.64795359449952 , 54.66467456601052 , 47
785 , -166.9625707556149 , 30.701552766284657 , 101
786 , -141.74396452419103 , 31.691590208997766 , 80
787 , -147.80838244175536 , 30.116572617988325 , 103
788 , -49.810728219066064 , 44.57014183438905 , 52
789 , -187.9480213363134 , 33.446911362260224 , 94
790 , -221.0519624550482 , 36.53407752260055 , 91
791 , -74.28704058882106 , 39.52269349529458 , 60
792 , -64.77983532847952 , 69.44016877887904 , 47
793 , -241.41530735704373 , 28.40190759520144 , 75
794 , -108.1557084694806 , 27.48918707887742 , 106
795 , -62.32964625009271 , 38.128778608588966 , 62
796 , -109.65590315586194 , 26.812546541013 , 73
797 , -60.47516253887798 , 34.17710096720766 , 69
798 , -123.10508687853041 , 32.23283533702367 , 85
799 , -38.24271182301402 , 42.434637663469694 , 54
800 , -65.11500061925624 , 39.7470290436751 , 56
801 , -124.87623448776431 , 29.83617661831145 , 82
802 , -92.02376414768496 , 32.80901297900961 , 78
803 , -178.25168557336605 , 35.48791380991695 , 80
804 , -148.35871498219677 , 29.120845781549956 , 74
805 , -161.1619763517207 , 33.818590514284885 , 77
806 , -161.64689842596263 , 39.644273081551766 , 73
807 , -52.73986815802296 , 49.736348596328526 , 49
808 , -285.8986885164823 , 28.724906874873273 , 139
809 , -121.94977869385843 , 29.271343441651243 , 72
810 , -124.92608470914968 , 33.23077347217148 , 69
811 , -35.92597253585915 , 73.62258128337689 , 44
812 , -135.45076002718045 , 40.45972110148756 , 65
813 , -32.03497530795601 , 63.5105930198502 , 41
814 , -66.76439836647567 , 44.06441114430485 , 60
815 , -90.06725243206328 , 32.59342337209591 , 61
816 , -53.16157011387825 , 61.389608110499594 , 43
817 , -47.04838963231133 , 78.53438071549382 , 43
818 , -126.62640163127026 , 36.80706953358975 , 76
819 , -105.67076877778771 , 41.10125880310484 , 67
820 , -92.06237566885076 , 33.5403165717314 , 61
821 , -29.32116732047997 , 61.06836952887105 , 46
822 , -176.326673387373 , 27.888892872687343 , 95
823 , -26.382554642369318 , 76.00278706226459 , 40
824 , -90.27308086869412 , 34.74041520272481 , 69
825 , -245.17754603040228 , 35.53558952714325 , 93
826 , -110.87910939639129 , 42.30621551700916 , 65
827 , -57.23004959138177 , 37.0930556773144 , 65
828 , -125.64218295301872 , 31.13680372205293 , 92
829 , -73.38216248095605 , 29.244227971481408 , 71
830 , -96.2742439004228 , 41.58996460192676 , 57
831 , -36.097694214174645 , 65.20596318888475 , 41
832 , -125.01577552616892 , 31.559990816774512 , 79
833 , -224.7851858135798 , 30.627768593536715 , 124
834 , -95.67348991093321 , 31.96328324133065 , 83
835 , -57.849660384548926 , 60.15217905335039 , 48
836 , -243.97105755831484 , 30.317263535568472 , 129
837 , -57.88411082353166 , 44.755985099081606 , 55
838 , -265.0023630369236 , 34.21117253740557 , 104
839 , -52.787293119240594 , 42.36393600188126 , 58
840 , -382.460948187194 , 50.44070771721692 , 88
841 , -182.01368296609462 , 37.62226033363428 , 91
842 , -61.641757384956755 , 42.16081633776665 , 55
843 , -44.06512659117937 , 57.085993272837214 , 48
844 , -145.81073517854531 , 39.65303398461651 , 76
845 , -44.960324163537656 , 41.18386602869302 , 58
846 , -155.7750218107052 , 33.547554901684904 , 103
847 , -107.82645704823575 , 44.16489609549893 , 59
848 , -76.37965296270949 , 42.6228976462494 , 56
849 , -73.33298292066596 , 61.045899052864144 , 46
850 , -105.69024131381627 , 36.227963325756754 , 65
851 , -57.10938758889966 , 79.20641523001723 , 42
852 , -109.74366569486094 , 40.755076055703285 , 63
853 , -48.483691753978015 , 41.87026129823205 , 55
854 , -329.31650345321157 , 30.342665533231287 , 163
855 , -243.00726308301915 , 33.10870642777134 , 111
856 , -177.03434003607458 , 35.89070535401962 , 80
857 , -169.9328087494556 , 36.1472079449663 , 54
858 , -150.2430013973031 , 32.72918412235316 , 75
859 , -106.04196462845744 , 26.053538919611984 , 80
860 , -21.008718431300696 , 52.6540140195806 , 49
861 , -82.86885535644305 , 37.79171523311974 , 64
862 , -90.93123808273326 , 35.5835447541114 , 71
863 , -91.42455460331365 , 60.50105839270813 , 50
864 , -210.67773034135192 , 36.798162304497254 , 85
865 , -34.0097187768818 , 76.69221824266475 , 40
866 , -118.0055427227847 , 30.53297367376094 , 73
867 , -113.42942418849037 , 37.67023303385699 , 66
868 , -237.85078580487195 , 31.072244476143016 , 64
869 , -37.50080837205853 , 69.49995402316087 , 43
870 , -129.9414000593611 , 32.883503795925925 , 74
871 , -210.12161813734255 , 32.91323915034667 , 97
872 , -118.32817785824884 , 35.2555062936684 , 85
873 , -110.53487651284266 , 34.807133591177426 , 74
874 , -72.80717047248689 , 45.45505031160127 , 59
875 , -54.48980214785319 , 44.17990055525831 , 58
876 , -98.1103515014387 , 43.17563428081106 , 66
877 , -120.30894510085727 , 32.147635555976386 , 80
878 , -300.8164378648176 , 35.45182854732441 , 136
879 , -481.76822272696154 , 31.834326314599323 , 62
880 , -52.30633605093865 , 47.575000871593005 , 51
881 , -231.04788376943648 , 35.246544333718504 , 96
882 , -32.781220603622465 , 41.428328466979316 , 56
883 , -63.74057435887498 , 33.95885746611635 , 71
884 , -229.51918197539047 , 31.57208739973253 , 100
885 , -150.21223334279637 , 31.95630063332054 , 91
886 , -68.89612899687181 , 52.15737773837653 , 54
887 , -143.43177773940405 , 38.47316197318787 , 82
888 , -48.41598638735917 , 45.428428704986 , 52
889 , -170.4131248293958 , 55.97930347805252 , 57
890 , -124.49237140735882 , 36.261497640497836 , 75
891 , -93.8958937305401 , 41.89992128723418 , 65
892 , -55.23460338345783 , 70.30945384751739 , 41
893 , -339.6056810000988 , 34.15493163067167 , 161
894 , -41.93727096366094 , 50.4646014169586 , 51
895 , -248.02651775104394 , 33.47285425313098 , 86
896 , -116.50799700342063 , 33.040254914580316 , 81
897 , -147.82418809704555 , 44.41696577080683 , 70
898 , -129.3001735040264 , 41.58751693517406 , 65
899 , -45.77940845549561 , 64.66552983279985 , 43
900 , -170.78790753553622 , 43.20040317321904 , 68
901 , -92.63245230514123 , 50.382639376736435 , 54
902 , -71.86939109495616 , 27.476765100617012 , 73
903 , -215.53405484858214 , 27.77202159309916 , 130
904 , -230.25983466957084 , 41.11100313851209 , 71
905 , -279.56856072428633 , 29.050201749728036 , 120
906 , -235.31778233188305 , 35.12210675298453 , 101
907 , -70.9684551536158 , 37.34558020118571 , 69
908 , -159.4054406412063 , 68.41572879671166 , 53
909 , -69.51148304255666 , 33.87548902253666 , 71
910 , -105.08775493307465 , 33.008798308479584 , 81
911 , -162.1774040811679 , 31.446349577111786 , 91
912 , -96.56628690743308 , 42.61848579155713 , 59
913 , -171.68033490211397 , 43.29070486047319 , 73
914 , -311.8367613165023 , 28.36442543893083 , 166
915 , -124.18720392800397 , 26.474540054447182 , 89
916 , -238.3035857579772 , 28.50099555848273 , 85
917 , -31.017506852161098 , 71.15938075511745 , 44
918 , -25.050025815280517 , 49.15845432193794 , 53
919 , -179.84983403241455 , 46.61563858798168 , 71
920 , -58.66785487584824 , 45.44107719122678 , 57
921 , -169.21550905053107 , 39.85658856548507 , 78
922 , -143.68028122316835 , 33.91120456285827 , 86
923 , -126.26321000121334 , 52.155924702129646 , 61
924 , -26.83963455038718 , 62.98381254289311 , 45
925 , -101.31122916785182 , 67.22636636508591 , 50
926 , -104.81348451907611 , 27.8373868992042 , 72
927 , -294.94213667240047 , 31.53637839373177 , 129
928 , -102.15204221963629 , 32.88189050010206 , 71
929 , -48.640869964422116 , 56.02495038953482 , 47
930 , -51.76401686431904 , 62.5109163195136 , 47
931 , -161.30728194256844 , 30.435889358328748 , 90
932 , -139.80152239178582 , 65.7456420223119 , 49
933 , -176.00446829656224 , 26.017440435681245 , 144
934 , -165.99621920447353 , 32.34108125553399 , 84
935 , -191.8572857005026 , 32.83345955683814 , 90
936 , -228.12885829110084 , 33.741231704991364 , 109
937 , -80.00570160992181 , 35.202103459933106 , 68
938 , -165.900373932701 , 31.589910782402097 , 81
939 , -275.43316114124696 , 53.894847265164316 , 77
940 , -144.58425603295828 , 30.31033192929229 , 81
941 , -51.656954230879045 , 42.16982233229321 , 59
942 , -271.77591413762246 , 33.69548675505147 , 114
943 , -17.394866418401893 , 84.11105615301997 , 40
944 , -268.01885438962626 , 37.23503946796146 , 97
945 , -40.99804528307196 , 112.37031414100534 , 38
946 , -124.34404658434339 , 37.27042625982519 , 63
947 , -89.02474339237645 , 35.94424902954686 , 57
948 , -183.84878270981554 , 34.28647682718266 , 87
949 , -170.52653846174502 , 32.97156988142323 , 70
950 , -211.58251131488203 , 67.87867250499409 , 60
951 , -95.75208846217234 , 51.334159865854886 , 58
952 , -60.64025873313949 , 50.13948326419565 , 47
953 , -291.4112402946892 , 74.41703018966888 , 70
954 , -85.87167886624462 , 52.41703690947269 , 56
955 , -187.84580265076025 , 30.87667274864667 , 95
956 , -183.98930882626775 , 28.951934347706082 , 113
957 , -258.55038250242444 , 33.14369248846101 , 136
958 , -96.86067785149893 , 44.38328465526317 , 56
959 , -63.46929043519091 , 51.1577603771288 , 53
960 , -287.52734303093405 , 44.683944232384505 , 82
961 , -58.73580710439857 , 67.42097057213996 , 43
962 , -55.082526545767074 , 64.63206729050536 , 45
963 , -47.36375601635425 , 95.42374805759752 , 39
964 , -75.91470703703884 , 60.4022590434911 , 48
965 , -127.31491530819763 , 39.34458718685629 , 57
966 , -41.201845266619436 , 48.326714921489824 , 49
967 , -185.32060565567502 , 35.482948386532705 , 92
968 , -99.51447868711614 , 61.54974871367021 , 56
969 , -321.99439254863796 , 33.69126540673601 , 86
970 , -353.52039982895866 , 41.40186615922601 , 91
971 , -61.22591159725488 , 51.361396477217056 , 50
972 , -262.4648709293997 , 31.634835549867347 , 85
973 , -155.64389397328824 , 33.65549807650596 , 58
974 , -67.4319916711653 , 42.957096360911855 , 52
975 , -147.93560501736127 , 47.5379187219212 , 49
976 , -82.21691210320807 , 45.572038016047244 , 56
977 , -84.19678870981498 , 54.470830165107856 , 53
978 , -136.37343759172845 , 52.24232447131777 , 47
979 , -191.7196696843752 , 37.60124336492351 , 89
980 , -182.02014272870062 , 30.330224908689747 , 104
981 , -164.3182930347294 , 39.49892697744126 , 81
982 , -102.90898032348271 , 29.532307681180612 , 72
983 , -85.78718142939528 , 64.00175165199072 , 52
984 , -273.00508135843285 , 39.39230348124079 , 110
985 , -115.46170029677866 , 44.51342749759218 , 56
986 , -42.11864229979482 , 114.37905869454661 , 37
987 , -146.00535315819877 , 38.08464289360652 , 81
988 , -123.10578014634824 , 30.997656899171975 , 90
989 , -87.64611452726469 , 46.9327578366196 , 57
990 , -151.94592550629997 , 38.03001795906047 , 75
991 , -244.97931329429284 , 64.64573311429997 , 63
992 , -191.71744020805545 , 31.669489734418963 , 104
993 , -337.56429908941607 , 37.07141888485435 , 157
994 , -331.37273519938316 , 106.30315647174028 , 40
995 , -225.6234533106442 , 34.82244790716073 , 109
996 , -75.42404365032286 , 51.283649849000035 , 45
997 , -278.869428353397 , 28.883860125900483 , 149
998 , -118.76788443835117 , 89.22538395672049 , 40
999 , -165.9302356673578 , 31.000582217854948 , 102
