Seed Value:- 61
1 , -1912.8747732667255 , 0.8048960345675382 , 22
2 , -10231.450808221613 , 134.05747292190722 , 31
3 , -8818.98257599382 , 40.04788068316988 , 18
4 , -8532.654719144019 , 38.77452918301292 , 21
5 , -9431.030038464942 , 92.01854630893978 , 37
6 , -2517.872583420964 , 84.48215045521775 , 36
7 , -717.1924609720854 , 19.549861073614696 , 24
8 , -1124.6750378471006 , 5.615499511917224 , 25
9 , -1167.9775248083054 , 19.296478944456787 , 36
10 , -742.8770789539834 , 25.7253019952718 , 28
11 , -1005.0172010838256 , 16.454241527046022 , 31
12 , -785.9046006091369 , 52.00057221091508 , 46
13 , -194.75766201342338 , 32.29043579576971 , 107
14 , -1135.9165766457736 , 42.83395242406878 , 113
15 , -888.0998026871221 , 48.010347575824944 , 51
16 , -1009.6250145533443 , 52.21148934970827 , 67
17 , -26.832454145378037 , 71.85531836352044 , 41
18 , -965.9021008874361 , 40.41900369484124 , 46
19 , -79.40004768159369 , 35.49130219878958 , 69
20 , -1257.6029449347955 , 29.78180040833681 , 116
21 , -132.12784145716927 , 67.88420017171701 , 46
22 , -954.0551929635324 , 42.280751200771725 , 50
23 , -890.4081121666977 , 36.39266561593112 , 45
24 , -637.9975457905637 , 17.289878964865938 , 20
25 , -1300.7521411994962 , 26.276051548082407 , 95
26 , -1104.632110964698 , 34.106316627593955 , 75
27 , -58.78262763443327 , 35.733360691761526 , 60
28 , -313.10298435888586 , 31.51299308733935 , 67
29 , -1209.1353710688488 , 47.68515683254925 , 117
30 , -1198.98080126589 , 41.52460189964834 , 105
31 , -892.6482729132966 , 29.147151361935254 , 38
32 , -1114.5223548740437 , 35.778839144638084 , 48
33 , -931.6599902092757 , 28.937796984650728 , 38
34 , -843.125455153734 , 28.71579439856869 , 33
35 , -648.8524097506801 , 18.044479790538112 , 22
36 , -750.5563061597443 , 21.975465700974578 , 27
37 , -1221.3708191553533 , 113.91757363567883 , 151
38 , -1080.9687259452726 , 61.07489241045911 , 131
39 , -1032.3243198698751 , 27.909260693127123 , 41
40 , -1159.1246678571845 , 31.265384696299783 , 73
41 , -1081.8072054260117 , 82.82181126034041 , 155
42 , -1077.2882124630603 , 27.150294685521008 , 42
43 , -895.6482867119505 , 20.608695082250694 , 32
44 , -828.33090310448 , 19.813087929590115 , 29
45 , -60.92197448108746 , 68.27400465278097 , 41
46 , -771.041080604094 , 18.77016066525834 , 26
47 , -17.327281550946314 , 55.91533468696829 , 44
48 , -138.40572315907283 , 24.63390051212925 , 71
49 , -1174.46997625358 , 32.44124481848621 , 86
50 , -935.5416024603377 , 27.63452572459968 , 38
51 , -139.92058335511217 , 23.92976170916012 , 83
52 , -877.6852314726502 , 22.86085001750881 , 32
53 , -1260.0083829395826 , 34.4375565241508 , 95
54 , -1186.6697517462912 , 37.94977138456163 , 96
55 , -73.82109280072713 , 37.37894582358055 , 56
56 , -950.3064703069379 , 21.493424348246798 , 32
57 , -19.97761594951084 , 56.934773215391395 , 42
58 , -1189.2747580401758 , 41.481542253897175 , 69
59 , -1210.0668701590416 , 38.61821110038054 , 115
60 , -1113.9647259727176 , 36.06180748597819 , 75
61 , -1152.876147982234 , 34.984996857545724 , 83
62 , -867.3553425006457 , 19.164658209056704 , 27
63 , 1.7360630324194868 , 62.369602389118114 , 40
64 , -1114.8362013333176 , 39.16645202697052 , 83
65 , -973.6148044196566 , 29.572284888060253 , 39
66 , -198.12067418706337 , 28.646614841543983 , 84
67 , -51.92874059268536 , 41.08700723542174 , 53
68 , -1170.3659173687067 , 37.35521464587748 , 64
69 , -941.7526453735645 , 29.70238787275263 , 43
70 , -803.9769808666965 , 24.889991963472923 , 28
71 , -961.75413555179 , 30.537768717791213 , 41
72 , -42.84333872964331 , 52.7668509593313 , 43
73 , 4.094622706165355 , 70.9649801969204 , 39
74 , -846.5185233601404 , 55.43595557519566 , 60
75 , -868.3118030025204 , 51.62628070956535 , 47
76 , -996.6813430920924 , 45.87821691144869 , 53
77 , -0.6964194149818663 , 36.36111354547775 , 53
78 , -985.3035698233537 , 65.45260958336749 , 75
79 , -727.4068602837744 , 68.19829405916919 , 93
80 , -750.9314694774072 , 32.79462340370644 , 31
81 , -696.6761438399894 , 27.474764694786717 , 24
82 , -1171.0470965311038 , 55.33206501560004 , 114
83 , -775.6094369460329 , 64.87116369409203 , 53
84 , -868.0206889784745 , 58.4123113310435 , 71
85 , -775.909723363172 , 56.64767852248597 , 47
86 , -344.88796420586124 , 29.103689483884565 , 86
87 , -387.84045457502646 , 83.31938378436321 , 42
88 , -833.2040998582195 , 69.40646790451804 , 88
89 , -739.6017401045813 , 59.05023146560365 , 49
90 , -59.90891623811435 , 24.82796079157858 , 72
91 , -999.654328823103 , 67.81688049029965 , 75
92 , -794.747910111023 , 54.85172989289639 , 42
93 , -245.7100962386342 , 55.22401790092838 , 51
94 , -734.9761048179652 , 42.402316009149 , 32
95 , -682.90144575754 , 66.37024458999096 , 42
96 , -557.7730526803986 , 43.0219908316439 , 28
97 , -588.4280077377597 , 53.9525176847185 , 31
98 , -672.0528445307693 , 58.16057696866255 , 38
99 , -589.2368196028738 , 33.903000253513184 , 26
100 , -748.1289559988088 , 63.537629483317 , 51
101 , -619.2654806897947 , 45.98800087677209 , 32
102 , -42.24153769442982 , 24.39754828679621 , 97
103 , -92.04318430105253 , 27.167708444569836 , 84
104 , -94.23441208558353 , 26.839102617844816 , 66
105 , -660.898965712406 , 84.0750926606299 , 121
106 , -674.5135105990457 , 67.81900593378286 , 41
107 , -603.2668762578722 , 66.88983242203938 , 36
108 , -993.1263964043026 , 90.3430609240368 , 149
109 , -135.61174949127303 , 36.53574081573195 , 54
110 , -462.2973778191456 , 57.011336907710934 , 110
111 , -13.908418587756746 , 34.10545021639663 , 60
112 , -91.98664056029246 , 32.58824741943888 , 61
113 , -331.04540687907564 , 28.5897420594786 , 266
114 , -745.3802563319553 , 74.67102252691251 , 61
115 , -720.2674807711304 , 85.29021094194111 , 54
116 , -678.9124760693846 , 98.81840744486075 , 57
117 , -355.9614810002381 , 40.090179431031515 , 157
118 , -156.9968936847456 , 47.60045603457086 , 82
119 , -700.393571034721 , 103.1102961295624 , 171
120 , -540.7678559238759 , 65.22188808486885 , 35
121 , -128.6520208677664 , 41.3189435240631 , 84
122 , -99.66442253413643 , 47.2146753668054 , 54
123 , -352.103820151021 , 71.5952547897457 , 64
124 , -361.4166175135258 , 52.25666507855203 , 120
125 , -576.4775608883735 , 96.12062750385005 , 55
126 , -28.148157586619405 , 50.401569545480164 , 49
127 , -106.15284796072368 , 38.76689169832487 , 70
128 , -536.8594292114954 , 57.33661532384692 , 31
129 , -101.28987577381486 , 35.860910252807784 , 61
130 , -206.38166658135117 , 35.751253758696016 , 141
131 , -271.0987394455017 , 93.39273181486608 , 58
132 , -169.4700380025497 , 54.38351533834275 , 72
133 , -280.9001126869796 , 76.09157311833572 , 49
134 , -296.1193505255836 , 88.35391915820527 , 44
135 , -225.74914826029644 , 31.4778726768586 , 98
136 , -542.5921115250184 , 47.417309649508674 , 166
137 , -234.82461766684182 , 33.05087165638846 , 161
138 , -665.4296935664693 , 46.128474267104345 , 31
139 , -600.1173607639115 , 57.6218880225172 , 29
140 , -42.19158714809342 , 61.868075362304 , 52
141 , -22.33334273952015 , 51.633591582675486 , 56
142 , -38.76056025042714 , 37.70221751902555 , 67
143 , -141.65127829434513 , 33.43090306249885 , 117
144 , -19.229366465973946 , 36.83382424090898 , 62
145 , -63.82173083265053 , 30.857980194681023 , 109
146 , -562.2484216567304 , 70.1956364880922 , 34
147 , -132.78420717904606 , 87.20218303441679 , 49
148 , -49.43403302294657 , 47.149424946711456 , 61
149 , -344.6039032344808 , 91.29049352544291 , 41
150 , -5.776161821763499 , 40.94945131971105 , 68
151 , -136.2635595070368 , 57.033573438406584 , 65
152 , -22.414091756354722 , 35.006683280820496 , 77
153 , -40.95503719878597 , 29.90360117111286 , 90
154 , -107.37135166976898 , 30.330118712646108 , 94
155 , -59.12190991609381 , 63.12023575427089 , 51
156 , -139.82242781826938 , 31.059434358581473 , 103
157 , -132.58100153469093 , 68.95092216884613 , 59
158 , -11.851279932229497 , 59.91191583174946 , 52
159 , -153.75438000563764 , 75.4352443973108 , 57
160 , -381.55007020499795 , 117.84219958052735 , 47
161 , -242.09530216686886 , 35.663222953392655 , 247
162 , -27.129886315015753 , 30.398843199687793 , 82
163 , -396.35008013412505 , 38.17302652002394 , 300
164 , -434.1988204287736 , 38.06782080409154 , 320
165 , -23.91836889488631 , 57.883665611757756 , 54
166 , -5.123199578633388 , 67.71684318944818 , 47
167 , -24.334973560743105 , 52.932628406932224 , 58
168 , -113.44458751921229 , 31.06038019553103 , 129
169 , -61.7005913452506 , 76.93120373269421 , 47
170 , -7.371177916115941 , 66.37609048912952 , 48
171 , -277.50980943638706 , 40.78930459188979 , 110
172 , -176.96315358731144 , 95.81719473407811 , 50
173 , -123.0774782898118 , 67.22593127008557 , 57
174 , -152.4398775548328 , 64.92197441440882 , 55
175 , -25.918946585460937 , 68.33928413707474 , 48
176 , -68.52933590256912 , 58.209615727518035 , 52
177 , -142.54462734202332 , 103.56717304694851 , 41
178 , -137.25268914528922 , 35.54315246442275 , 95
179 , -75.59345912127112 , 35.319835674593804 , 70
180 , -34.77015586052685 , 62.33883669530533 , 47
181 , -58.41008196895837 , 41.991031055607195 , 61
182 , -176.17956743505442 , 116.1582148174895 , 39
183 , -155.49875872418738 , 36.96845219580503 , 92
184 , -117.07004747392243 , 40.024693378906214 , 80
185 , 12.655581691718883 , 59.29059976738018 , 51
186 , -126.57469716852954 , 32.93637926284457 , 96
187 , -86.30388924295175 , 26.93063924576063 , 123
188 , -105.33513748903792 , 52.531619026013765 , 60
189 , -12.330586307552927 , 54.8690525988724 , 51
190 , -133.4107086775721 , 101.80642541638903 , 40
191 , -90.1260979812777 , 61.51974601965256 , 54
192 , -64.19213528055985 , 43.6634877110168 , 63
193 , -7.308831081719161 , 68.7597588349048 , 40
194 , -34.611909888628354 , 39.273593826831906 , 68
195 , -42.820236878272006 , 41.50976740567958 , 64
196 , -425.8978197539699 , 34.38179795332699 , 215
197 , -127.9664796733679 , 38.229919064077095 , 81
198 , -194.0963569188428 , 34.37189922207232 , 186
199 , -74.98909395137179 , 33.459666512499226 , 97
200 , -19.17322302927255 , 36.176248824657335 , 71
201 , -123.01542125089966 , 30.02335818306919 , 101
202 , -101.56605834603619 , 89.81944177487367 , 46
203 , -10.977906948477724 , 85.3980045134162 , 43
204 , -84.22652082732117 , 76.03070746237344 , 48
205 , -187.73662310327026 , 33.457019964579615 , 109
206 , -51.47858142890368 , 30.647321542395684 , 93
207 , -79.36373516528366 , 30.206528204968112 , 92
208 , 14.804677579500506 , 36.20340143123151 , 70
209 , -44.61666353975749 , 80.69012973523022 , 48
210 , -43.60432807461178 , 46.886231396467906 , 64
211 , -40.23721093088826 , 40.50197400101215 , 59
212 , -64.34171504698041 , 29.351883388563195 , 112
213 , 0.881012558139356 , 42.24169075164725 , 65
214 , -117.5004287097216 , 37.456271678053 , 94
215 , -50.861938241328446 , 46.762056547416925 , 64
216 , -70.9908842219496 , 101.82504687981896 , 42
217 , -63.89293249847397 , 31.942747056314417 , 77
218 , -70.84970029546649 , 31.741830225456415 , 90
219 , -86.12302629091687 , 29.147256804191752 , 109
220 , -30.34145833572309 , 50.48600727539392 , 59
221 , -26.0255242358508 , 49.09923782351742 , 58
222 , -61.327798837177006 , 27.942516368371017 , 88
223 , -99.62959449726938 , 27.056336690192666 , 137
224 , -158.42647081282263 , 39.39975024641066 , 98
225 , -41.23647088405012 , 36.37095488233625 , 84
226 , -90.85774402761452 , 32.26352372427347 , 101
227 , -135.29886155914986 , 37.90000201648168 , 103
228 , -187.03090417744338 , 32.1045421217743 , 150
229 , -213.08935358103705 , 34.59754517392267 , 160
230 , 8.678323376350447 , 48.944110139824836 , 51
231 , -76.77037280642301 , 37.8506923576919 , 72
232 , -124.99185804350105 , 38.68606539582489 , 77
233 , 3.9018935257835845 , 57.097783515049606 , 50
234 , -31.55674834502424 , 49.84749928555479 , 56
235 , -111.79437620850483 , 28.13575418087386 , 165
236 , -47.01107098161627 , 51.191411251049125 , 59
237 , -126.00440836026712 , 35.71145488581587 , 104
238 , -151.94777148482078 , 38.66640247440082 , 105
239 , -107.04707176769463 , 35.17298764663032 , 88
240 , -270.6711485509606 , 37.44760480800077 , 138
241 , -55.29070994936562 , 33.049926310300144 , 87
242 , -2.07483085301695 , 57.73937920516133 , 47
243 , -72.0555361430421 , 37.235551959174856 , 73
244 , -29.07882258886447 , 66.92646749798271 , 43
245 , -66.33111088250111 , 56.03909930626673 , 55
246 , -46.89902423173305 , 59.60033448860972 , 54
247 , -122.62892766902192 , 37.55766875432186 , 95
248 , -27.272848553000195 , 59.53548079763767 , 47
249 , -138.22487331793806 , 35.38749959141304 , 75
250 , -144.97304700766028 , 28.302491659125494 , 148
251 , -107.05449978901653 , 37.34757070182902 , 86
252 , -113.28843135374962 , 29.29358444108591 , 104
253 , -59.88397470771244 , 51.173390136142544 , 59
254 , -111.00067071213107 , 41.541673369376205 , 76
255 , -79.23056616260172 , 60.053679194660546 , 57
256 , -97.29443126132273 , 43.43630023026036 , 76
257 , -35.60427659085468 , 50.19561588196431 , 64
258 , -29.384519208363233 , 92.48098496240114 , 42
259 , -132.8113464508483 , 33.258528898954424 , 110
260 , -2.959209446266183 , 43.19628249418094 , 65
261 , -66.29366113293881 , 31.510971660236915 , 80
262 , -122.18264686229945 , 35.64246286421922 , 96
263 , -122.37354223544808 , 34.82396949327564 , 99
264 , -259.49946670948634 , 44.51614349080472 , 113
265 , -46.179408543134855 , 57.51051100972033 , 53
266 , -1765.0357986523181 , 28.516880398977502 , 133
267 , -42.631223109790135 , 54.0566123902862 , 58
268 , 0.03379393483071991 , 75.01590239403095 , 45
269 , -212.880699046203 , 50.01042420655492 , 97
270 , -42.2177617336017 , 78.71125436898956 , 44
271 , -59.46156669032612 , 63.43704174133088 , 49
272 , -63.27665542207892 , 63.0776193029726 , 52
273 , -58.67729445318523 , 59.064050635756686 , 56
274 , -279.08917708710914 , 51.660771189045526 , 102
275 , -100.13193182150724 , 44.319033899839084 , 67
276 , -40.332674031123155 , 75.71885739982908 , 50
277 , -128.32823577911822 , 33.48851626493988 , 109
278 , -66.1911102641812 , 41.95857651808938 , 68
279 , -48.82205705883739 , 66.30778455388159 , 50
280 , -7.598114770629214 , 40.84449947773679 , 63
281 , -45.29461142118203 , 49.36849006322697 , 62
282 , -229.65314970907434 , 51.11462860383313 , 100
283 , -48.36135140940583 , 57.08561182501944 , 54
284 , -10.67776864940978 , 58.96481354135175 , 50
285 , 3.7495777621562194 , 57.535948707840824 , 51
286 , -38.09226952966421 , 38.65180857432314 , 70
287 , -64.90193238685566 , 38.17409146689096 , 73
288 , -231.44126154803342 , 45.53128669624028 , 97
289 , -19.588286074627895 , 83.60035467950762 , 40
290 , -169.33597804390632 , 37.92822574782529 , 110
291 , -4.01660558559062 , 79.41233986916474 , 38
292 , -183.84090094090058 , 41.54356354026764 , 110
293 , -56.43962374921184 , 50.63350068113941 , 55
294 , -43.16478166632252 , 40.535956807626576 , 70
295 , -41.50297934614312 , 75.38965221582367 , 47
296 , -139.14084167306206 , 39.85554420580796 , 87
297 , -62.16161693067266 , 68.92134029106433 , 46
298 , -9.273583406460773 , 52.95014769284126 , 53
299 , 8.707579737516443 , 70.61209345059082 , 41
300 , -21.64214031781433 , 33.635582447242676 , 76
301 , -195.3447288201307 , 48.45897269566646 , 78
302 , -135.8331625369625 , 53.776868717926654 , 67
303 , -33.49714198188771 , 51.90175712713981 , 53
304 , -110.97998026056803 , 32.397706623680506 , 94
305 , 28.83647666645883 , 43.7080214774572 , 56
306 , -32.524020026240635 , 35.86037609171265 , 77
307 , -5.563764488675556 , 66.75795192009787 , 47
308 , -104.83321588070902 , 37.89300205695998 , 73
309 , -171.95561244065266 , 45.55787300394432 , 86
310 , -0.8932756440467453 , 37.850110966653865 , 65
311 , -12.241296451819995 , 41.237420553649585 , 65
312 , -25.538477623299407 , 39.68600837067768 , 62
313 , -51.163895900416264 , 48.41596096292703 , 56
314 , -18.84292516430903 , 51.339462175841255 , 56
315 , -104.43214413035302 , 38.254970561205255 , 78
316 , 7.075274857351337 , 50.008072917756586 , 53
317 , -141.38252299001215 , 49.249346757414614 , 64
318 , -114.24224430895825 , 47.17966198159993 , 70
319 , -21.57214941286541 , 56.066111419002965 , 48
320 , -73.86841266516936 , 50.91711900857396 , 59
321 , -153.8719898285886 , 41.68875526816263 , 76
322 , -79.04173050592632 , 61.36409615434392 , 48
323 , -274.4801792755686 , 47.96768358130633 , 91
324 , -245.32232052134907 , 51.0020609789411 , 112
325 , -29.278112883773765 , 76.10287915111108 , 42
326 , -3.439633832171089 , 80.90495402644368 , 38
327 , -138.2569549889419 , 50.20000272603488 , 61
328 , -66.69452066518133 , 50.49595540250761 , 56
329 , -74.5643732205501 , 51.69457650022774 , 48
330 , -109.19060736333986 , 46.86974777221403 , 66
331 , -34.12101969019196 , 74.59856579644114 , 42
332 , -11.2179438033465 , 62.77233703242746 , 43
333 , -27.737632098603058 , 54.99764224969766 , 51
334 , 6.401875855632136 , 72.56018398426312 , 41
335 , -86.80252725399048 , 37.22172904156603 , 69
336 , -107.11734475312129 , 41.433860810294306 , 200
337 , -69.10970686478001 , 35.81233955333026 , 80
338 , -43.190881129734116 , 52.9969943274753 , 47
339 , -147.7301786234049 , 35.948448181719066 , 107
340 , -44.825442882825115 , 50.09659624871226 , 50
341 , -134.81102246785792 , 33.44258549587836 , 94
342 , -1.6667787692431042 , 43.3693818425114 , 56
343 , -14.270000470619161 , 50.67034170044897 , 53
344 , -104.73058719997604 , 40.376073479133375 , 58
345 , -8.768802641016752 , 42.572541966090284 , 62
346 , -30.755664704142575 , 58.67733662433206 , 51
347 , -70.6447906675425 , 40.71046413667413 , 68
348 , 6.067639108065844 , 54.193935190172326 , 51
349 , -6.54966626373818 , 56.25730619773164 , 48
350 , -7.2207912885958745 , 50.80226598318039 , 52
351 , -16.52364826875922 , 43.1006762267462 , 58
352 , -8.525173691069654 , 47.20251068269082 , 53
353 , 10.993776301138963 , 40.88135745365252 , 61
354 , -105.5610063994951 , 37.76154795261514 , 99
355 , -39.06193180270666 , 39.8885940741269 , 66
356 , 2.76852999744336 , 50.807021681065855 , 55
357 , 21.11936370448163 , 39.17921438672775 , 64
358 , -48.00338700481742 , 30.510497305382646 , 75
359 , -60.46312427512697 , 46.104693070675715 , 67
360 , -73.9939490653475 , 44.728030921936494 , 65
361 , -191.26156806133943 , 37.14963450339974 , 84
362 , -11.044939498665507 , 44.857033267355064 , 58
363 , -7.934005689652302 , 36.67155872970323 , 69
364 , -229.2162466070698 , 37.092411310669384 , 122
365 , -26.91729341082746 , 32.23191899557417 , 75
366 , 8.103295201603247 , 60.63358494102005 , 45
367 , 26.33172751163678 , 41.84770259899949 , 56
368 , -95.86227348067031 , 37.53050366398154 , 83
369 , -113.62147505439056 , 28.974823788144157 , 109
370 , -95.48207823278702 , 39.96545251804965 , 75
371 , 16.995573382876458 , 50.05005542923449 , 49
372 , -2.5240171626592742 , 45.338931355011894 , 59
373 , 7.192394976013135 , 53.928372546650884 , 47
374 , 1.2692578270230368 , 63.489291165396835 , 47
375 , 10.590757692454721 , 33.68890386556749 , 66
376 , -11.901799419588041 , 32.04296457063311 , 87
377 , -183.88060882092424 , 37.90013093673351 , 133
378 , 15.836833166191074 , 62.46070968093144 , 45
379 , 11.793547502434897 , 35.026778870457015 , 68
380 , -164.99486787243896 , 40.96701117720514 , 78
381 , -12.002467883206197 , 28.30650446667277 , 69
382 , -34.56061779701805 , 51.70830162999058 , 58
383 , -37.28463931981693 , 48.55127046361757 , 58
384 , 4.14020058666617 , 37.293993582628346 , 65
385 , 9.546536276160406 , 36.10951917769967 , 63
386 , -11.363487049208683 , 71.44770198895678 , 43
387 , -19.64145600277419 , 43.86843370211539 , 59
388 , -27.111302316034287 , 47.920122101159286 , 55
389 , -193.7292729088105 , 32.94668447041926 , 134
390 , -100.7817396444336 , 32.64344123725853 , 100
391 , -126.62696094415114 , 42.05808221271647 , 83
392 , 6.151100955872674 , 58.66013148772639 , 44
393 , 18.179446523180243 , 64.49433276055213 , 45
394 , -28.46789750135667 , 50.89195443007039 , 54
395 , -133.34064248118042 , 39.426379996570525 , 89
396 , -18.665412025828253 , 41.06578000431405 , 67
397 , 22.914008082762944 , 35.866044479862644 , 63
398 , -70.32739789618115 , 36.282201860952235 , 72
399 , -56.21898853351134 , 35.81418140094739 , 78
400 , -47.96461181003545 , 36.82962592350433 , 67
401 , -29.982012647782476 , 46.596835358606306 , 58
402 , -1.9364666592355664 , 49.142808602512616 , 58
403 , -57.55604712163757 , 35.60660468214665 , 79
404 , -131.93992969871366 , 33.91849101741064 , 102
405 , -176.70066948479047 , 40.45362492558295 , 92
406 , -6.236912133761768 , 58.18636562882766 , 48
407 , -79.34465800684316 , 31.398955759032738 , 86
408 , -90.76043838571535 , 43.19568541845872 , 69
409 , -5.9704109807944326 , 40.57882853837009 , 64
410 , -40.52150461144755 , 35.252231068872014 , 65
411 , -36.597647653800585 , 32.10592897151265 , 78
412 , 0.42347183394099375 , 29.537415426765932 , 87
413 , 6.591029736728378 , 37.75658539248742 , 61
414 , 10.122404036526227 , 42.20166191680574 , 62
415 , 4.023759001591934 , 36.480924196013 , 67
416 , -124.4538690294782 , 35.64518780042727 , 98
417 , -87.15883644134003 , 34.53570186537204 , 76
418 , -60.460163070275655 , 33.16274072502692 , 89
419 , -32.85912946273818 , 33.41441097002254 , 71
420 , 0.3510498829512594 , 44.10898428766323 , 58
421 , -24.783702229622463 , 43.075231312953925 , 58
422 , -93.55610778492243 , 35.037841537993245 , 92
423 , 8.064813928731658 , 50.032311727284394 , 50
424 , -47.293159970896525 , 49.565381590792924 , 58
425 , -106.35403211041107 , 34.17539342896626 , 94
426 , -55.56828064015041 , 43.39291547326198 , 60
427 , -34.90222928576614 , 39.668483395081175 , 65
428 , -118.14179470163405 , 32.77348149328047 , 112
429 , -3.4513729045009116 , 50.35079013548472 , 50
430 , -45.101212607227346 , 37.46702254858977 , 69
431 , -93.25391759211001 , 28.79584903613292 , 105
432 , -82.71225513125702 , 34.354801782818704 , 79
433 , -48.539065687740774 , 31.12344955811277 , 70
434 , -87.01651816680815 , 30.858210022666174 , 96
435 , -12.897719435534256 , 67.85475585192356 , 43
436 , -32.48831238806093 , 55.75246241196519 , 50
437 , -3.9831287521130045 , 41.1377567628278 , 62
438 , 19.959775429904525 , 41.68483931321492 , 59
439 , -84.12505539162595 , 31.598054574968263 , 104
440 , -106.48022987793858 , 33.96133519493412 , 74
441 , -88.41347654125808 , 36.866196314435044 , 84
442 , -19.737242724645306 , 32.44564369328439 , 71
443 , -95.23743609979877 , 37.211209152644415 , 93
444 , -14.869903159703545 , 37.36866231177077 , 65
445 , -30.085861790647332 , 72.52341746442015 , 47
446 , 5.449783226655372 , 37.51332777116904 , 62
447 , -118.0026754632729 , 37.48396931900868 , 84
448 , -31.711180220361545 , 58.67025507904043 , 43
449 , -84.16718754946717 , 36.66619035653591 , 85
450 , 4.238780740617073 , 65.2240456163403 , 48
451 , -64.36860114818059 , 53.5774889698744 , 59
452 , -22.04787194104756 , 75.16258356784033 , 42
453 , -107.93451711309194 , 41.064766282524225 , 75
454 , -50.18135176867757 , 40.59317973556073 , 65
455 , -88.11090566101346 , 41.45185566567033 , 73
456 , 5.868737409442116 , 48.77973620054058 , 56
457 , -180.56274668284408 , 38.55982901957001 , 130
458 , -49.408508274212245 , 34.64471483240865 , 79
459 , -93.38141808976943 , 32.13920007595124 , 95
460 , -256.0082768856578 , 44.89692064618954 , 87
461 , -1.4725394958578513 , 41.03777752525605 , 58
462 , 2.0093963302809534 , 53.28613903094695 , 49
463 , -66.13441537840781 , 29.430910970012214 , 93
464 , -1.5439161065139593 , 54.207043184128594 , 51
465 , -48.23754579794941 , 32.407958654538675 , 84
466 , -19.131565673921276 , 59.6311053560801 , 44
467 , -43.07494844529901 , 37.36122785192908 , 71
468 , -86.81236425805494 , 37.26487592145081 , 113
469 , -0.4969505274790167 , 39.795041597752984 , 67
470 , -17.920370575045673 , 40.37005504756952 , 66
471 , 19.5265402003968 , 53.85388972859316 , 49
472 , -18.16375099154468 , 39.900912584966626 , 69
473 , -11.15120681076918 , 46.81012769426945 , 60
474 , -115.72757759408162 , 39.75572087047892 , 77
475 , -31.072845581238685 , 26.008022709019926 , 111
476 , -27.266619193755464 , 34.51252778610574 , 73
477 , -10.511742967176565 , 89.8923333756652 , 40
478 , -294.3461958724428 , 56.86958681753172 , 90
479 , 1.0716765564694137 , 48.73431926000441 , 50
480 , -149.39278901375792 , 43.052538130378345 , 95
481 , -15.447614815967047 , 68.85030854196279 , 42
482 , -82.84131695905687 , 33.76523992577074 , 80
483 , -76.59115115825904 , 37.64125479629957 , 76
484 , -16.090731646157153 , 64.67921993593596 , 51
485 , -224.2156886762981 , 42.0687303808067 , 81
486 , -1482.6340290939079 , 52.40560901424849 , 149
487 , 1.4941685262152107 , 72.29822323897278 , 43
488 , 6.222855845632818 , 42.47611805102715 , 61
489 , -22.767007378335077 , 67.00712120839239 , 49
490 , -8.80637607692601 , 52.16681910573858 , 56
491 , -7.5750381256407895 , 78.48398579978523 , 43
492 , -161.1558263127182 , 44.7269357751291 , 75
493 , -71.95254443241406 , 36.48813495896503 , 84
494 , -60.85434803867299 , 41.55626920501856 , 74
495 , -26.176186585669015 , 52.4713482310752 , 53
496 , -114.72465655308852 , 44.717726468502185 , 71
497 , -3.1131211270235566 , 49.536332601900405 , 55
498 , -124.36982103450245 , 42.05055337212695 , 76
499 , -183.93687998606288 , 41.459148505942174 , 90
500 , 15.293751173660304 , 51.39403936550983 , 49
501 , -68.6807941610866 , 44.839621528240436 , 67
502 , 17.355782677595894 , 57.85344952999852 , 47
503 , -94.69331923986503 , 36.74649679880967 , 78
504 , 20.460457896233372 , 43.03850663520285 , 57
505 , -22.73494427094395 , 39.922447414026976 , 70
506 , 18.96674510317999 , 49.43493590506809 , 54
507 , -163.50792887082514 , 37.309122812371946 , 91
508 , -69.17280061002424 , 52.7246517005009 , 59
509 , -62.193594435680254 , 36.23809951290188 , 76
510 , -49.693610212632244 , 67.75349602788451 , 51
511 , -71.58378117581238 , 69.03199394737332 , 52
512 , -164.0408754932992 , 49.9861815156258 , 66
513 , -244.5075632677779 , 45.47353124134504 , 87
514 , -91.54790888298572 , 63.67908074784117 , 54
515 , 2.684543840812551 , 47.4310798970018 , 55
516 , -199.0530790333303 , 40.445774790698195 , 78
517 , -64.68196627121044 , 87.38000931102998 , 46
518 , -79.20049647156878 , 72.48591826854262 , 54
519 , -93.12229169853087 , 36.10671757413598 , 75
520 , -39.69768683292224 , 123.81505201607663 , 40
521 , -127.25556618335547 , 48.78952518531314 , 70
522 , 16.928389580533043 , 45.038636155186225 , 53
523 , -104.83325993177311 , 76.97184471477249 , 52
524 , -6.280663713802446 , 67.51365035328578 , 44
525 , -12.007462430350621 , 44.279497205804354 , 56
526 , -85.97981184927795 , 37.703576818875746 , 77
527 , -136.5560227418834 , 66.00950351450199 , 58
528 , 20.47706241892194 , 48.99678133270909 , 52
529 , -38.18703983342235 , 37.38461180026932 , 66
530 , -288.2541379212396 , 54.65113293081071 , 82
531 , -33.194645759908894 , 28.749892284708327 , 86
532 , -72.63140914762108 , 38.64045541580156 , 75
533 , -83.1926787217662 , 78.38108503594262 , 48
534 , -215.39882696868597 , 50.573027005635346 , 78
535 , -123.04569231342654 , 36.666270604513834 , 100
536 , 23.71849629625448 , 53.30480606672142 , 49
537 , -85.01646531173223 , 35.99002858197025 , 76
538 , 10.342727941505217 , 50.99021831416239 , 52
539 , -196.2596036020568 , 55.56376366480437 , 62
540 , -211.26809859850982 , 43.08397981979788 , 86
541 , -172.32410296144786 , 35.696471799520886 , 107
542 , -82.15410124703867 , 109.60187573190079 , 42
543 , -7.188519006001748 , 52.6437242433643 , 49
544 , -79.77898212892632 , 88.71843851264623 , 47
545 , 26.136308823855753 , 46.65892365275165 , 53
546 , -146.65488397321573 , 64.121806026365 , 56
547 , -206.7584270940468 , 56.83011528635232 , 67
548 , -76.75980324956322 , 80.20092091158645 , 49
549 , -53.17854959502505 , 94.97824631650938 , 45
550 , -269.5158378834125 , 45.14406070914063 , 95
551 , -36.34962185003078 , 41.27725457763247 , 68
552 , -32.2387176595732 , 54.09947118327206 , 46
553 , -142.25848905748038 , 53.26205674003596 , 64
554 , 10.32779495580301 , 52.294598406195384 , 51
555 , -174.31866114978294 , 49.04818793261779 , 74
556 , -11.046606106830186 , 39.78302393658508 , 60
557 , -33.52371558921494 , 41.088516068717645 , 65
558 , -264.64516295873284 , 58.43064993312557 , 102
559 , -148.29656595342718 , 77.11731295200173 , 55
560 , -181.41090407900177 , 60.10828820306631 , 69
561 , -8.907703743422202 , 47.43507344487727 , 49
562 , -33.212485834810245 , 53.50822817902093 , 51
563 , -270.3367847395724 , 46.66281815260319 , 87
564 , -18.57455074716111 , 47.61974864074306 , 58
565 , -256.66826312614853 , 60.66747427638763 , 81
566 , -85.96814302139609 , 40.56226608268381 , 74
567 , -36.07000704744255 , 47.95491039109509 , 62
568 , -136.34023836838722 , 61.58781304483212 , 59
569 , -536.0035747000992 , 125.10614594654626 , 38
570 , -139.9567772251082 , 104.50015416410228 , 46
571 , -77.25416646493055 , 65.67911215177965 , 54
572 , -281.96204787629927 , 57.949256478799256 , 87
573 , -16.878436695681284 , 34.20167681284215 , 64
574 , -62.533841046134626 , 91.01666648566773 , 48
575 , -48.87257534124563 , 37.743631289267334 , 113
576 , -155.01509705559485 , 52.1766186952744 , 89
577 , 6.428032456908175 , 50.90812259263667 , 50
578 , 5.581340117083332 , 57.71321457518169 , 46
579 , -454.4343644635974 , 85.50527878243555 , 31
580 , -72.42687637974048 , 82.22666502012 , 51
581 , -46.825131189008765 , 47.682891779486205 , 55
582 , -91.14684687172962 , 38.44354749272553 , 72
583 , -72.59832136491364 , 105.82263365595213 , 44
584 , -161.4679435548813 , 115.33084777279102 , 48
585 , -40.076006410514566 , 35.994629368644226 , 73
586 , -12.522407407381476 , 37.92299562638301 , 66
587 , 5.667795748307148 , 79.48640332886906 , 41
588 , -42.63191083017946 , 42.800685860525164 , 65
589 , -106.48257738673823 , 45.73853805678548 , 75
590 , 28.8146880506426 , 32.7906091551386 , 63
591 , 17.558266594059443 , 43.7125499893084 , 58
592 , -70.12060638295779 , 96.66523904633236 , 44
593 , -81.67415172220203 , 75.71798655419833 , 54
594 , -252.3501328207614 , 39.627132990145945 , 104
595 , 4.804001921885473 , 57.82734150453951 , 46
596 , -3.629363678665146 , 46.55309426737608 , 60
597 , -116.24309625000303 , 55.15401190180113 , 65
598 , -69.828196911783 , 60.891036680585586 , 58
599 , 7.347641503908136 , 63.119885250946126 , 45
600 , 1.4366168208033943 , 69.13092917786503 , 41
601 , -131.5108146939572 , 125.18197968900418 , 42
602 , -215.6269066454896 , 33.267878045694815 , 107
603 , -144.56190536733095 , 50.160614423466136 , 67
604 , -12.575208481629888 , 48.75839427457869 , 62
605 , -4.073494567532723 , 54.98440739862819 , 49
606 , -206.6376371798525 , 38.90261076279587 , 140
607 , 21.29968139885744 , 61.35212579122065 , 47
608 , -48.28746695438375 , 60.98661285336529 , 57
609 , -211.10863727545305 , 129.2474477318193 , 39
610 , -70.11519908983517 , 65.2302797041232 , 52
611 , -48.434367805580585 , 79.60512560588244 , 45
612 , -137.57634876315944 , 43.24913816010917 , 67
613 , -8.468889442762567 , 48.918212255371614 , 56
614 , 17.76322605361617 , 64.96134158859708 , 47
615 , -35.24061143079475 , 35.49771369120187 , 84
616 , 8.915192202431488 , 47.93615153399944 , 54
617 , -81.960779715725 , 36.2273970774702 , 80
618 , -63.19077308263328 , 55.04105186249463 , 58
619 , -147.86074303232158 , 56.67738275149009 , 61
620 , -15.256462210943186 , 42.387018632909744 , 57
621 , 13.402734718212283 , 77.45248441339682 , 41
622 , -56.54632648315135 , 71.405756130768 , 50
623 , -54.96603721028914 , 78.99312510718637 , 46
624 , 1.1317879904945385 , 62.22624038739967 , 46
625 , -90.44013128979833 , 30.26550116998174 , 74
626 , -123.05449684414495 , 56.34356545808663 , 58
627 , 1.3749103828517444 , 72.65230467046425 , 42
628 , -126.47593101581343 , 48.729783810987335 , 64
629 , -43.70589514426132 , 59.47118223177643 , 55
630 , 19.45851878104468 , 55.684872363148216 , 52
631 , 10.564551573072155 , 50.24653878681706 , 54
632 , -29.407273652289867 , 112.01741832153091 , 39
633 , 12.536612584989655 , 65.73972923253235 , 43
634 , 5.0493726612240515 , 70.58166286206111 , 43
635 , 16.940026200853772 , 51.2595598949704 , 55
636 , 5.151673489735963 , 65.15614200883829 , 45
637 , -31.099474759342755 , 92.65464465067215 , 38
638 , 4.61645434869553 , 39.33423528321299 , 64
639 , -155.79051306511786 , 31.10926839680652 , 92
640 , -142.61231785521656 , 31.72996693019 , 99
641 , -30.406144931519332 , 96.41851454886049 , 39
642 , -44.34719393454634 , 78.58434998214787 , 42
643 , -0.2852473575550416 , 30.258772234073895 , 88
644 , -42.68340704115808 , 41.75557821155024 , 61
645 , 12.492522224502023 , 60.668254728473215 , 46
646 , -93.70498562274976 , 39.28326981276969 , 75
647 , -164.594165218837 , 39.695468258808134 , 82
648 , -30.915666005481597 , 78.73670133595006 , 39
649 , 21.251820089980715 , 59.51841394399737 , 44
650 , -46.182701929173255 , 37.89556131472684 , 75
651 , -89.78300418489836 , 36.33817065289204 , 84
652 , 3.0762270358865242 , 58.65785995116494 , 48
653 , 16.08859838703046 , 60.51637768825116 , 47
654 , -104.75000591526434 , 29.440723459370265 , 100
655 , 16.81493425546166 , 43.40720990220246 , 57
656 , -16.493626194304056 , 48.07234521714432 , 56
657 , -66.2764687603606 , 30.375501206864847 , 80
658 , -25.639900213976098 , 49.332333193145516 , 60
659 , -130.301578822939 , 32.24195860073184 , 111
660 , -81.77514256085236 , 33.354308784405674 , 96
661 , -171.4966676580594 , 32.997997992310324 , 139
662 , 7.947843959074634 , 39.48392703205638 , 59
663 , 8.807481485018272 , 31.222979850544743 , 63
664 , -13.511213464685017 , 59.63498070456013 , 44
665 , -20.208207893273812 , 33.606065052871266 , 77
666 , 31.591256611758713 , 41.83728102263859 , 57
667 , -38.714884391539144 , 75.0875739468194 , 41
668 , -51.59570728857 , 33.43023565483285 , 81
669 , -96.85482121184864 , 45.604211451019296 , 70
670 , -45.12560210286124 , 33.444786266201504 , 84
671 , -106.01741052910236 , 34.00727693360771 , 129
672 , -25.62533904023221 , 37.53563800886485 , 60
673 , 6.62690211289849 , 34.002425576443564 , 66
674 , 0.8164513496285399 , 72.77150445570226 , 42
675 , -1.2913909688567415 , 49.78352052667567 , 55
676 , -44.37314645359756 , 35.461031033449196 , 81
677 , -55.60594189103566 , 37.04736162290774 , 73
678 , -21.571265840267326 , 56.32140966780317 , 50
679 , -268.86613372176896 , 37.22770487722987 , 133
680 , -62.59511858732366 , 36.47943336017984 , 78
681 , -16.118855384146713 , 38.666220956143654 , 64
682 , -7.692502682896608 , 49.384006158637035 , 53
683 , -76.83661304829604 , 30.65092694801839 , 87
684 , -129.72992432767586 , 36.33065151442882 , 89
685 , -36.638593515988795 , 31.394791202728673 , 96
686 , -207.41724072024624 , 31.055871706700053 , 132
687 , -54.532300641053126 , 36.50619246945201 , 82
688 , -14.077388148427364 , 68.63906302218298 , 45
689 , -179.50072487144465 , 34.790899048313825 , 88
690 , 15.714831248020761 , 63.56585667011397 , 46
691 , 11.354123527954673 , 71.19569101845835 , 42
692 , -128.68474866968253 , 35.86775759603009 , 98
693 , -4.985814357200859 , 45.921372244710994 , 57
694 , -221.32013747686946 , 36.89275763126722 , 85
695 , -156.07473737740006 , 37.092705270793665 , 89
696 , -121.09113671021134 , 37.252265894717596 , 84
697 , 1.2011475953978001 , 64.28755974333838 , 46
698 , -89.30652304063682 , 38.65179124882387 , 81
699 , -5.242925937745895 , 44.51396647455777 , 59
700 , -77.14087303178717 , 37.84687119709166 , 81
701 , -28.07267513219107 , 35.22080579703976 , 79
702 , -7.352832588301208 , 55.13412136301492 , 49
703 , -64.91563416790368 , 36.7840865503577 , 86
704 , 30.48680184408354 , 35.04993391765299 , 64
705 , 31.600960957485604 , 56.162887431121 , 50
706 , -53.99826921355042 , 43.12716264545185 , 63
707 , -126.0615388044897 , 36.948307755048646 , 85
708 , -74.27027268082661 , 31.622550206416424 , 81
709 , -8.993056747972402 , 37.55375113615844 , 65
710 , -21.769767975853377 , 48.401243287936296 , 57
711 , -71.9389644887302 , 32.56678122627866 , 107
712 , -58.04062725721634 , 41.03606118844681 , 72
713 , -142.52528297159617 , 39.223534360741255 , 81
714 , 12.295091104511517 , 75.2003488023771 , 39
715 , -47.16811252987537 , 40.60541548298376 , 69
716 , -33.94103380373163 , 32.702501582205855 , 72
717 , -51.03996031766949 , 38.42060588376062 , 74
718 , -65.74035946096082 , 34.70632323984154 , 107
719 , -62.20148694322729 , 39.13039837094626 , 76
720 , 13.358441088496415 , 61.86804071136552 , 49
721 , -144.21496007535498 , 35.18640007262603 , 98
722 , 3.7305054560147664 , 65.79243696053734 , 42
723 , -71.14254996767899 , 41.44688674565831 , 70
724 , -51.42902669030969 , 46.46617941102951 , 61
725 , -65.42274446554407 , 39.36970613425944 , 69
726 , -0.3577257548788153 , 42.08711707474563 , 63
727 , -12.573830723320782 , 63.32360138293126 , 46
728 , -39.938598391678916 , 26.741476661280153 , 96
729 , -142.81269408052947 , 39.82807043972237 , 91
730 , -150.09299873633003 , 41.1649743873494 , 69
731 , -41.569304624607774 , 38.38423970360153 , 72
732 , -101.65429373776755 , 34.51250233970579 , 83
733 , -32.54303468847369 , 70.06728984953745 , 45
734 , 26.028512642958212 , 41.00618001890663 , 57
735 , -1.8106632896371353 , 59.59054246017755 , 45
736 , 12.540339335273199 , 88.18597993638343 , 39
737 , 16.21607389713916 , 47.199873980811816 , 54
738 , -33.89828317736698 , 38.434508379158665 , 69
739 , -16.913527766772813 , 53.01337387333344 , 51
740 , 4.711635772501644 , 74.19650107202807 , 40
741 , -112.6044769958162 , 35.54843482075331 , 85
742 , -99.2271201786167 , 35.58585207633299 , 109
743 , 11.373293158559797 , 91.65036324808193 , 39
744 , -159.78493433487284 , 35.47020864841698 , 119
745 , -103.51584331269035 , 33.68357694497427 , 120
746 , 7.5562926155378225 , 80.16329534957148 , 44
747 , -107.2819064374457 , 34.86610420446098 , 105
748 , -105.77505824239024 , 38.9611820231808 , 81
749 , -43.59735232011674 , 35.80430682430971 , 81
750 , -92.34918005055007 , 35.44617704449471 , 97
751 , 13.503354775893753 , 47.53332809983404 , 54
752 , -33.002059892123235 , 37.25927565643436 , 62
753 , -16.922336812052194 , 39.770740283750854 , 62
754 , -153.3970489779077 , 33.52512983315789 , 123
755 , -26.35906644756688 , 37.083083173295904 , 67
756 , -135.68558794032106 , 34.39933759778958 , 101
757 , -184.36780548661469 , 34.41954405553659 , 119
758 , -25.51339133823597 , 48.963021164776315 , 57
759 , -95.61687857048962 , 39.20893523376219 , 76
760 , -26.64938136997705 , 31.03279226608771 , 93
761 , -59.153920710762414 , 39.02305641529566 , 72
762 , -144.32644335150545 , 37.05046343430424 , 100
763 , 15.368678921062305 , 70.91615420557443 , 41
764 , -35.10056988364267 , 33.98912092438849 , 79
765 , -10.738995868371518 , 35.275777925082615 , 67
766 , 32.75803091360532 , 54.1528060511493 , 49
767 , -43.314755177942565 , 32.02810683893174 , 81
768 , -241.43425888083647 , 38.295042034336284 , 94
769 , -79.01877306544695 , 33.753025433605394 , 86
770 , 8.2026265222633 , 84.89305027327978 , 40
771 , -47.92629583961438 , 43.96705915186785 , 64
772 , -81.92832297283663 , 32.347964430501264 , 101
773 , -13.686818644660864 , 76.86794789194788 , 44
774 , 16.28352743084853 , 65.4729023606665 , 45
775 , 4.535336652152959 , 35.18028528080392 , 72
776 , -29.797124783861115 , 38.309086424701796 , 70
777 , -7.397290469239505 , 62.861794505445324 , 46
778 , 11.314247703412612 , 32.2572521508352 , 72
779 , 10.208134911398458 , 34.509276765959676 , 66
780 , 13.041861030220797 , 76.00712684920344 , 41
781 , 16.151674630068342 , 63.71106710226365 , 45
782 , -23.63339056240787 , 43.06483632773712 , 58
783 , -61.6166158973767 , 31.218289844264834 , 82
784 , -0.830323448316812 , 72.19916440999896 , 46
785 , -78.64745215942727 , 28.616842105625494 , 93
786 , -11.065122123530648 , 32.590630737256475 , 77
787 , -99.24387302755619 , 35.261596468443344 , 81
788 , -2.071048061648497 , 64.73224749493015 , 50
789 , -96.81091639778502 , 33.43492811211919 , 94
790 , -183.21726329680507 , 36.30501942337087 , 92
791 , 5.714585043465728 , 41.941636687287925 , 60
792 , -9.553815536483802 , 58.892462960742996 , 46
793 , -11.292828128490395 , 38.08943104177402 , 61
794 , -100.56102274258161 , 36.774583599978065 , 84
795 , -20.07397987463309 , 35.096111947865076 , 65
796 , -17.023079909724174 , 32.14542829688233 , 73
797 , -23.993425191287457 , 42.51249418255259 , 63
798 , -119.3011040044789 , 36.54674537534356 , 85
799 , -32.66304512803116 , 53.44812005495574 , 52
800 , 14.447345078833976 , 44.558799344545584 , 55
801 , -67.51906973931074 , 36.60307652653784 , 79
802 , -21.421290335549113 , 37.43979736929914 , 75
803 , -28.539614756412448 , 38.58937817160518 , 76
804 , -22.158352145296274 , 34.42184459333286 , 68
805 , -24.278896995677222 , 35.17235112903603 , 73
806 , -38.4473502033038 , 35.615517315619115 , 73
807 , 5.657672210596318 , 68.73214901770342 , 47
808 , -98.09964780338792 , 28.541400065834143 , 126
809 , 6.100373602571768 , 34.16973583770047 , 70
810 , 13.980735896420398 , 37.357447864667066 , 64
811 , -3.831748606951181 , 67.10730597708341 , 44
812 , -65.06356896037569 , 45.886815503577004 , 65
813 , 2.9314502289917943 , 93.51831173856029 , 41
814 , -26.63799418932893 , 39.675606409252424 , 59
815 , 9.574489052108767 , 44.00651640470553 , 59
816 , -29.17919776343675 , 88.78037945213254 , 42
817 , 19.639731500000032 , 71.7564457197523 , 43
818 , -64.25869297773947 , 34.691579599366136 , 72
819 , -48.60606776280835 , 38.13779810366933 , 68
820 , 1.385500381504091 , 48.94206212549504 , 57
821 , -29.6100839065182 , 80.96904564238326 , 45
822 , -138.38792744150763 , 37.91723948214971 , 77
823 , 9.846663939311643 , 73.3159926927777 , 40
824 , -37.77180108294423 , 42.14203697777216 , 69
825 , -111.24629891500243 , 40.2307258716105 , 84
826 , -54.16556157197651 , 41.24553034403391 , 64
827 , -36.55716396225167 , 46.66842764314334 , 60
828 , -45.1339198799267 , 33.458837505157554 , 84
829 , -10.553353688276543 , 37.99741334224711 , 66
830 , -42.44722900850849 , 51.68955673535455 , 56
831 , 3.2244366501093067 , 93.79064939424771 , 39
832 , -77.23328100220864 , 34.87877030642912 , 78
833 , -78.96799172786228 , 30.439509341671126 , 113
834 , -62.83536330632395 , 34.194214355563446 , 79
835 , 10.82712438376769 , 52.76676255761046 , 46
836 , -189.2677031393355 , 38.87026926073662 , 135
837 , -56.75458028309392 , 63.143178033750786 , 53
838 , -127.8912241537782 , 34.584681293495116 , 92
839 , 6.956902762248019 , 48.99552996881927 , 56
840 , -193.13030432354148 , 36.9586690703291 , 97
841 , -79.78084301187627 , 39.40445665579132 , 80
842 , 13.236027144436932 , 41.53361410276628 , 55
843 , 2.822387057832864 , 54.122377008347875 , 49
844 , -30.143892645615043 , 33.70305067764619 , 77
845 , 19.56581788732448 , 41.3865843510964 , 59
846 , -105.23249005715911 , 33.57592790655845 , 99
847 , 2.8094677394231398 , 42.14142433331553 , 54
848 , 3.1921766502755755 , 50.43522267831521 , 53
849 , -11.132814644668773 , 60.76476708202321 , 46
850 , -2.7443945320415875 , 39.14305728262008 , 62
851 , 8.600665561041941 , 65.91648671408537 , 43
852 , -39.41882580826053 , 45.12389263275856 , 64
853 , 36.00903743161394 , 55.015312140289055 , 53
854 , -119.73351908433582 , 32.32000323998065 , 103
855 , -41.096255944437246 , 31.3362312797252 , 109
856 , -88.87179309726271 , 38.20468323739922 , 76
857 , 16.498812968826275 , 53.0018194943556 , 52
858 , -62.033210598008054 , 40.24721220824818 , 70
859 , -100.74738584641538 , 39.243270240511634 , 80
860 , 18.548508505550032 , 58.974847854865 , 48
861 , -3.2646958958097843 , 39.502855298051 , 60
862 , -12.164654676445476 , 34.046342196762716 , 71
863 , -0.18727977595899814 , 57.6340369611287 , 49
864 , -39.03706793813345 , 31.37262124422849 , 78
865 , 14.62969443572985 , 90.89027224076196 , 40
866 , -60.35671757484698 , 42.751411547135866 , 64
867 , -8.065422606600919 , 36.42300048552083 , 69
868 , -19.657634170335 , 46.25611213469039 , 58
869 , -1.1161062925465335 , 78.68275514975915 , 43
870 , -103.06132432968747 , 41.42386312760871 , 76
871 , -132.78415010402978 , 34.017132047775135 , 97
872 , -45.32151000168547 , 32.4172591499625 , 84
873 , 3.0818159429191443 , 33.868109613613385 , 74
874 , -7.059588095336391 , 44.94237568176498 , 56
875 , 2.3328408911239937 , 43.62203372894467 , 58
876 , -13.05348635768023 , 40.80141374876976 , 66
877 , -2.0149104787485306 , 35.108146725768435 , 74
878 , -90.97571072170373 , 26.486840385396867 , 159
879 , 13.905222780912197 , 43.08725874883261 , 53
880 , -16.1410124690372 , 50.73851058937724 , 52
881 , -144.6477793593346 , 47.259770987487904 , 85
882 , 15.73923769911106 , 40.52459542516058 , 55
883 , 3.8316895186089126 , 35.108786974297985 , 70
884 , -232.80941026361324 , 44.97295081079328 , 87
885 , -136.63843537099072 , 37.90755366817476 , 84
886 , -3.7421049021523616 , 53.223223006759774 , 53
887 , -97.15906013748202 , 29.43707092797559 , 81
888 , 0.019861230531975416 , 56.65959129809231 , 51
889 , -16.521079268606112 , 37.63997162068416 , 64
890 , -22.193442085758303 , 35.37417753451966 , 70
891 , -20.210465257236166 , 38.56875209900058 , 67
892 , 0.8067009304185471 , 85.79567706292106 , 41
893 , -113.82141440690141 , 32.915526267241816 , 147
894 , 10.688711974899947 , 61.43217057196647 , 50
895 , 1.8425855715835775 , 35.641053514791984 , 73
896 , -61.25047352426453 , 35.354909990381366 , 73
897 , -26.74422404621877 , 39.13047155711976 , 72
898 , -11.552763831376687 , 36.773475828445434 , 66
899 , 13.56777453425413 , 77.32196210424821 , 42
900 , -38.81231254061214 , 37.74636051850446 , 71
901 , 12.483951744831634 , 51.786721081806164 , 53
902 , -10.195179933794561 , 35.88492858064131 , 71
903 , -107.1704521420555 , 36.252038187494485 , 124
904 , -43.18714273232294 , 42.337482777175424 , 65
905 , -160.20941374313824 , 33.46382276652194 , 113
906 , -73.79983538106723 , 33.560743036142235 , 83
907 , -13.954220035951842 , 39.780376312698316 , 69
908 , -37.76489150866306 , 44.27063426780435 , 58
909 , -24.005217075179306 , 31.933719383528327 , 74
910 , -6.991498147135419 , 30.802219821313212 , 79
911 , -47.58310877665243 , 34.48415500242392 , 90
912 , 18.146089113304217 , 42.92360638736478 , 57
913 , -11.283266189221472 , 30.896683862194255 , 74
914 , -56.042197978647145 , 21.66237516024154 , 128
915 , -116.357932131718 , 39.129823873940786 , 83
916 , -38.93729951072419 , 34.58907730649436 , 73
917 , -1.5757207495600412 , 73.61523483973906 , 45
918 , 18.953835345673248 , 46.53496131353044 , 54
919 , -22.956781669556044 , 37.148314953516305 , 71
920 , -23.76257942387614 , 45.30966613784139 , 57
921 , -14.768563977623481 , 32.79568304558206 , 80
922 , -44.28078974294992 , 29.936785386294147 , 87
923 , -37.89880327167813 , 43.11612745071768 , 63
924 , 11.079853916883735 , 62.65406439212664 , 43
925 , 12.845280046437717 , 45.65079340261614 , 52
926 , 1.9864729922026 , 35.42673138377863 , 67
927 , -120.57742814645181 , 28.404019929592405 , 101
928 , -30.6607425748783 , 37.413016463388495 , 68
929 , 24.52426734661393 , 64.7030314743332 , 46
930 , 4.209991718403758 , 58.09899997119808 , 46
931 , -14.966185749952098 , 28.448803994111486 , 98
932 , 8.771696375848158 , 59.54096230727372 , 50
933 , -104.71013275078506 , 28.16048861496862 , 116
934 , -67.2700925550463 , 32.73302098674419 , 84
935 , -58.185920411628814 , 34.7900241832544 , 88
936 , -154.8120813224027 , 31.19181781389578 , 96
937 , -0.11688413331068759 , 37.278145052101024 , 63
938 , 5.503607827637024 , 31.8917868048499 , 75
939 , -77.44599141256218 , 34.277134411015666 , 88
940 , -7.406120043937612 , 29.783393309935658 , 75
941 , 13.070990165055889 , 39.51842324060505 , 57
942 , -79.21740817225339 , 29.66879672103873 , 125
943 , 8.207291931765903 , 85.46286484400841 , 40
944 , -99.32133596908298 , 33.33353436084451 , 90
945 , 15.991027842967735 , 79.55167871526238 , 40
946 , -20.122168304967275 , 46.888653202524 , 60
947 , -14.11351582079023 , 53.96203239272564 , 53
948 , -58.36107465657863 , 27.149899833154766 , 108
949 , -2.938704708331359 , 35.727287461475264 , 64
950 , -30.177195446805495 , 38.08121725151685 , 66
951 , 2.5794290527530856 , 40.82148778851572 , 61
952 , -5.949668946249527 , 57.82632048194978 , 47
953 , -67.56531211494055 , 36.07517016916488 , 75
954 , 2.6403165292643003 , 40.99731188104576 , 59
955 , -123.58966722895757 , 35.66676037728477 , 87
956 , -73.57939215163579 , 27.066820499576586 , 119
957 , -43.02216865469794 , 28.776059267023566 , 149
958 , 10.531657083047037 , 39.83320140066737 , 60
959 , -0.9740528261193424 , 48.50363604807659 , 51
960 , -54.04187111508085 , 31.60017400948213 , 86
961 , 2.1695729553580843 , 78.76501312621642 , 44
962 , -29.95001015906246 , 70.39977245524895 , 45
963 , 13.165958329221718 , 84.20381317425958 , 41
964 , -18.0221232700153 , 59.46671457107905 , 49
965 , 12.358466224787966 , 43.139814335493504 , 54
966 , -5.244390233231295 , 59.08429157903795 , 46
967 , -66.40332208909376 , 28.91857682430312 , 92
968 , -38.24280766186344 , 43.976902854221116 , 59
969 , 5.66098528961962 , 35.704190651374375 , 70
970 , -73.38070264036291 , 32.6750273919259 , 87
971 , -9.530148676230953 , 58.71957990668888 , 47
972 , -47.704616838636014 , 30.82637071452922 , 80
973 , 12.531368848912077 , 47.50107062406727 , 54
974 , -8.491620255222148 , 60.513121636105126 , 49
975 , 23.105259082611823 , 60.39566176650017 , 47
976 , -5.663045989145751 , 44.733979844383036 , 55
977 , 7.298431045963328 , 44.92621811464106 , 55
978 , 15.850406247051431 , 64.99158869355472 , 44
979 , -33.967205171162725 , 28.773514843536578 , 98
980 , -62.09926795627255 , 23.049863186465718 , 108
981 , 0.186719449467466 , 31.008057466261917 , 84
982 , -26.195805573860024 , 33.072094735775494 , 70
983 , -61.20546372379711 , 41.9898015346875 , 56
984 , -24.250980635961636 , 27.73855898246689 , 119
985 , -12.759380478020343 , 52.40590340090768 , 52
986 , 11.46369188023796 , 79.46753730963873 , 40
987 , -94.6397364158084 , 36.57549291312899 , 88
988 , -40.15534877870844 , 30.178527544909425 , 82
989 , -4.718228960923237 , 37.677415323677536 , 62
990 , -65.59381210196364 , 36.64586561015209 , 75
991 , -103.68091412064629 , 44.67874922195071 , 65
992 , -131.1904424586109 , 33.26039390954369 , 98
993 , -129.3812925517457 , 32.12213537927451 , 128
994 , 15.762245526184683 , 80.11866588885019 , 40
995 , -62.98201672081144 , 27.96529536392786 , 98
996 , -5.753935369970871 , 68.774346372427 , 43
997 , -217.65848148630894 , 39.51279063200539 , 93
998 , 19.04225545910048 , 81.26078314875129 , 40
999 , -77.31763158394813 , 30.17443806018171 , 107
