Seed Value:- 61
1 , -1846.8747732667255 , 0.8048960345675382 , 22
2 , -10119.844143743228 , 133.95131466524333 , 31
3 , -8767.20626622751 , 40.06200140880237 , 18
4 , -8841.669583977413 , 39.404227587965906 , 17
5 , -9123.472644880356 , 67.8173756970359 , 27
6 , -6405.1147046574815 , 132.90116306396828 , 35
7 , -9389.168124067399 , 134.46520628755022 , 38
8 , -780.161970971945 , 32.82229500680527 , 40
9 , -721.9835175448377 , 52.99683925962297 , 48
10 , -643.7621846064633 , 21.627642870898576 , 27
11 , -484.52740499693596 , 63.13237376305801 , 34
12 , -557.6906938898647 , 41.28915549636192 , 35
13 , -133.1134338941273 , 76.19131892358571 , 72
14 , -128.38431680751253 , 57.50650314017884 , 82
15 , -913.7800862574403 , 16.405998790517167 , 40
16 , -1052.492963826784 , 21.441381837092766 , 94
17 , -688.021538802344 , 17.159500698659045 , 23
18 , -909.2095087964547 , 23.892816858331496 , 43
19 , -729.7260784206486 , 52.437009451505574 , 50
20 , -0.030279153344698884 , 54.640456459407446 , 69
21 , -544.6910162736763 , 46.254975994487815 , 33
22 , -984.5644956807798 , 17.85287157707378 , 42
23 , -999.0054090787129 , 14.818437215267554 , 40
24 , -636.6687028774979 , 8.988753740492617 , 18
25 , 113.60349160616055 , 29.663505326450817 , 77
26 , -981.1881235255245 , 19.013475667010038 , 107
27 , 135.41528803532705 , 52.649293900515 , 56
28 , 92.94135630615551 , 43.86300637269678 , 58
29 , 52.819278029517925 , 36.3775397425014 , 71
30 , 4.279296845905461 , 28.756594020319305 , 109
31 , -1084.9497830693037 , 12.476940165036824 , 36
32 , -1176.9665827270132 , 20.325203710640523 , 47
33 , -996.9933757689196 , 13.593456096445115 , 36
34 , -863.1999627302565 , 18.773376461710725 , 32
35 , -643.0647598373841 , 15.42619172304337 , 22
36 , -735.0189257509057 , 20.07839831903139 , 28
37 , -163.66299266748848 , 38.250583228584645 , 66
38 , -181.732966404695 , 39.04290369379871 , 73
39 , -870.122471756832 , 27.927345211887836 , 44
40 , -814.7901925952508 , 28.33610063699453 , 138
41 , -132.21300776371558 , 43.3336382830166 , 69
42 , -960.1385848318416 , 24.44768357026655 , 47
43 , -777.5103340773773 , 21.820488944704515 , 34
44 , -741.5469351449269 , 20.620379582487118 , 30
45 , 14.329817380413637 , 104.73235994185403 , 38
46 , -675.1048557533499 , 19.4493730074112 , 26
47 , 126.42661206952613 , 74.07906168937905 , 43
48 , 188.61084133745047 , 36.87224134553741 , 63
49 , 239.10755876857982 , 29.811235079021177 , 108
50 , -820.8861336036126 , 24.575308344601428 , 36
51 , 150.22151701386346 , 32.391139896835924 , 64
52 , -831.9122866113676 , 21.939588916408084 , 30
53 , 45.53170118226406 , 38.968475178121984 , 120
54 , 78.47699821894521 , 36.99664408618918 , 132
55 , 149.93651398541107 , 43.95052710351162 , 51
56 , -752.0288936738061 , 25.13701141359665 , 31
57 , 120.18222118659814 , 83.6623251105103 , 41
58 , -871.6897891866394 , 35.43438639634992 , 82
59 , 95.22774871341038 , 31.264690766956 , 114
60 , 123.23881554050627 , 36.368565777786756 , 196
61 , 244.11430777075026 , 32.89529238779709 , 162
62 , -682.7499590855773 , 13.950592342268555 , 22
63 , 59.967607573514144 , 98.28681015102589 , 40
64 , 634.7537066535393 , 32.901455692353 , 382
65 , -825.8087775990533 , 28.31041999709407 , 31
66 , 76.13634293709674 , 33.65640490488297 , 70
67 , 145.04609923426466 , 44.785669231205134 , 53
68 , -801.8298455977915 , 45.067923698253566 , 113
69 , -813.5545449366425 , 37.90382141556209 , 50
70 , -751.2981079348426 , 15.867729431266051 , 22
71 , -825.3498226188951 , 28.846327179980214 , 43
72 , 109.2137562366595 , 62.711285284395984 , 42
73 , 108.79238722067906 , 84.80654381082692 , 39
74 , -883.0573930744251 , 42.50160361257453 , 66
75 , -907.0984405155277 , 33.737146872993904 , 49
76 , -761.2182388390393 , 37.231951531829814 , 62
77 , 177.53198279845554 , 47.32804827665565 , 50
78 , -32.419574748475455 , 40.190133800990615 , 218
79 , 460.8180774750234 , 28.399501355332518 , 211
80 , -713.8681212629156 , 32.09644450448257 , 35
81 , -537.1403777151145 , 25.83067240243365 , 23
82 , 288.59473645698586 , 30.435891490475953 , 103
83 , -825.4076936218555 , 39.452188105182664 , 50
84 , 560.5404375267293 , 41.79738318737131 , 275
85 , -740.6219918556152 , 34.02661932429987 , 43
86 , 170.28421455198747 , 38.66039133710285 , 69
87 , 52.34626534104198 , 58.25693419361076 , 41
88 , 28.0560384311587 , 43.50541535222399 , 239
89 , -732.2731271362587 , 37.4379134673783 , 48
90 , 212.0325280141875 , 34.58597320912262 , 66
91 , 687.872713482329 , 31.58704553931839 , 456
92 , -600.7522983734623 , 44.60704548005958 , 39
93 , 130.69124346286569 , 48.679731362018195 , 51
94 , -571.7043420256748 , 20.973446731666264 , 23
95 , -550.4429602153549 , 58.75280282808208 , 41
96 , -534.4746448019558 , 43.02430772929596 , 28
97 , -415.73993934540295 , 66.60421498761598 , 32
98 , -582.4182993923478 , 57.9733826313146 , 37
99 , -547.8517538588577 , 25.394036840601476 , 22
100 , -642.9145982132479 , 61.309779464853385 , 48
101 , -654.6372161669085 , 40.83427814825373 , 33
102 , 186.80655876967515 , 35.30806269517855 , 77
103 , 224.83644220746876 , 35.45037231580892 , 71
104 , 199.80311631347368 , 34.60729009245137 , 60
105 , 274.5969797233419 , 29.90927285117364 , 137
106 , -559.9487332379745 , 52.921232783867055 , 35
107 , -524.8230608390206 , 69.43069864937793 , 32
108 , 220.01751898794421 , 31.224392326798792 , 121
109 , 127.08898412119854 , 46.64527912433118 , 52
110 , 498.721305827389 , 31.95999147766667 , 239
111 , 158.39032588096842 , 47.61198825880363 , 56
112 , 169.4520863948984 , 43.168599663636066 , 57
113 , 216.6349953112371 , 28.984432331819313 , 98
114 , -168.5649708127235 , 75.85705590260817 , 75
115 , -274.39126436830463 , 104.04122689709578 , 53
116 , -554.1147750775583 , 104.77423199003738 , 46
117 , 451.8941057866004 , 30.974073675963556 , 241
118 , 163.28450306534833 , 32.67018769078086 , 163
119 , 250.76044052603766 , 23.641094569413767 , 106
120 , -430.8328145389081 , 58.116677953694946 , 31
121 , 167.1405758989848 , 36.14642609866661 , 167
122 , 156.78670218148517 , 44.822169027484 , 55
123 , -253.44477487934316 , 85.41506973873089 , 66
124 , 546.9352369704133 , 31.640811593442407 , 298
125 , -548.9050795353494 , 65.0217087296744 , 40
126 , 152.68565292174253 , 66.16633695229862 , 48
127 , 192.45147230629232 , 30.12779847718228 , 80
128 , -359.78431157539364 , 96.92834348183365 , 35
129 , 179.8745199681317 , 39.834851660355476 , 58
130 , 342.0008411115328 , 36.67210362584155 , 181
131 , -420.0566315906519 , 93.95186852649347 , 59
132 , -313.11272077670577 , 77.73483114115933 , 72
133 , 152.28868112981945 , 49.58751828228711 , 51
134 , 111.29222422281325 , 79.71267691960949 , 43
135 , 189.24679439963396 , 37.782656182439695 , 80
136 , 232.8873200250846 , 42.33270694231776 , 169
137 , 271.58669739758574 , 30.13406236769043 , 148
138 , -389.27446930645976 , 104.04145899638446 , 43
139 , -436.41514674952407 , 44.14352093655016 , 26
140 , 167.32190954859723 , 47.36847801062421 , 52
141 , 169.53012144080012 , 43.59700827412154 , 56
142 , 207.0569887430867 , 38.95141959893375 , 65
143 , 560.3538983535977 , 32.368201992131574 , 308
144 , 122.5190572451418 , 38.7842827875834 , 60
145 , 237.14576547316202 , 27.159709211441697 , 114
146 , -468.8519783825642 , 51.27954414248465 , 28
147 , -150.45543258931414 , 95.72051151207332 , 46
148 , 180.60921837032555 , 42.15551755003836 , 61
149 , 122.11990304522362 , 78.43926465615566 , 40
150 , 228.13608596914105 , 29.67119561462632 , 71
151 , -72.32572038254375 , 61.04356572499318 , 61
152 , 181.20913004453797 , 32.09273286947423 , 83
153 , 223.53391760194546 , 25.524206890102263 , 91
154 , 217.1588053994548 , 28.70825982742587 , 94
155 , 149.42552301845615 , 42.990528655334074 , 52
156 , 257.21855018340233 , 28.20235409608858 , 93
157 , -91.37984630357954 , 75.80386385425919 , 53
158 , 123.72037954294973 , 51.065374541435794 , 52
159 , -18.398255573888896 , 68.20193130549328 , 52
160 , 9.558884875383772 , 74.52608067426154 , 48
161 , 376.9711196499427 , 33.05177075788082 , 206
162 , -11.494049466755001 , 51.9518268574961 , 70
163 , 315.4292321754184 , 31.903222952938616 , 167
164 , 260.0571693373945 , 35.9134836958285 , 171
165 , 153.45922995800385 , 42.912930604677705 , 56
166 , 146.5476385956051 , 59.91425255429047 , 47
167 , 152.4627806013265 , 37.53591629736915 , 61
168 , 369.74237642060444 , 32.51900945631368 , 186
169 , 41.86027945086451 , 75.02139396937808 , 47
170 , 138.7455616526282 , 57.02724200871393 , 47
171 , 319.196352024299 , 38.909345058265934 , 195
172 , -38.83604563165793 , 78.82158588753245 , 48
173 , -1.3656860485270403 , 66.90403803657091 , 52
174 , -46.63790591989263 , 70.01079751925066 , 50
175 , 147.6988719756862 , 51.08721559579468 , 48
176 , 38.703869682146085 , 59.51099309563805 , 49
177 , 16.856316006104713 , 84.0181515418542 , 40
178 , -28.133597126851996 , 55.428666918651174 , 70
179 , -34.59386265626932 , 59.406827004208814 , 59
180 , 22.61874574009991 , 67.13989808789728 , 45
181 , 94.62383545311086 , 45.3944574390704 , 56
182 , 61.25930682636386 , 85.42595066967246 , 39
183 , 2102.508783064251 , 33.29209948536087 , 1000
184 , 213.95660777336863 , 30.706342079185774 , 79
185 , 131.5091463383019 , 50.35838781053068 , 51
186 , 193.01184788407818 , 30.886006033216116 , 84
187 , 204.25811929719066 , 34.15776155098457 , 111
188 , 66.5606075363418 , 50.437664508112626 , 56
189 , 134.52564588956244 , 45.39059258184722 , 51
190 , 5.40696336086827 , 87.78206449309222 , 40
191 , 152.11381441039873 , 39.46482984825014 , 56
192 , 203.02877472749978 , 32.586862215757776 , 66
193 , 99.1388528396284 , 84.09864596836496 , 39
194 , 204.6772109003782 , 33.431021816922666 , 73
195 , 187.25538235481721 , 32.938929611132146 , 65
196 , 347.60755840152353 , 39.30225262123033 , 220
197 , 14.911099627737537 , 47.79052384707576 , 64
198 , 336.0458687259743 , 35.439875857898315 , 173
199 , 67.06561433603581 , 47.27708952612553 , 185
200 , 82.57712997604436 , 36.73215321938627 , 62
201 , 307.10303292377324 , 26.91879530343782 , 111
202 , 74.37439753650851 , 44.60729164615468 , 51
203 , 85.51929658743558 , 61.321444116387376 , 44
204 , 166.9222951727375 , 45.93022669639706 , 52
205 , 337.76786090069385 , 43.210094731371235 , 203
206 , 243.0232560871655 , 27.26007483392312 , 88
207 , 138.7345525073372 , 35.85353697984395 , 91
208 , 177.01737817043085 , 36.00113865952033 , 73
209 , 93.91495240527756 , 40.882552150145166 , 51
210 , 103.30660393187686 , 41.91533365690367 , 61
211 , 181.72411475273742 , 43.34930687668044 , 57
212 , 429.27581946331406 , 42.12395998137249 , 263
213 , 165.68225824747762 , 35.83169783240416 , 70
214 , 257.4158068333092 , 25.68398085135093 , 99
215 , 137.60323759788267 , 44.44551159663415 , 60
216 , 80.10818782373987 , 65.9066465832705 , 45
217 , 189.39987093497805 , 34.865694223616636 , 81
218 , 253.85453623226067 , 28.30857674181684 , 90
219 , 323.9230483737947 , 28.492905368529023 , 131
220 , 161.8630865389446 , 45.03821385207339 , 59
221 , 171.41809768649554 , 45.60666643227518 , 60
222 , 170.57694952766042 , 33.41901135541576 , 73
223 , 285.8657722735436 , 32.67787676461935 , 140
224 , 217.14546694918388 , 34.69547151185871 , 93
225 , 175.43220020712516 , 35.84708342177287 , 86
226 , 195.06494253228215 , 36.57424910715734 , 104
227 , 269.197562824371 , 29.372209848274224 , 109
228 , 280.7265527479027 , 30.042533756054986 , 157
229 , 424.60633526561753 , 38.194546349136765 , 197
230 , 143.8032882572284 , 45.601489744812696 , 52
231 , 221.6998874146341 , 39.2575251189162 , 70
232 , 242.79097193111352 , 29.71888272336441 , 89
233 , 99.80315451487203 , 41.5487393270049 , 52
234 , 177.13245380145995 , 43.86991711552158 , 59
235 , 537.3620418584775 , 25.99279087542774 , 185
236 , 111.80556561583992 , 38.613293910978165 , 62
237 , 259.28983304956205 , 27.963977854805226 , 121
238 , 343.8629886799241 , 28.021744804195606 , 153
239 , 321.63398582350226 , 36.92291656925921 , 209
240 , 176.81709749630602 , 38.35736297003083 , 140
241 , 212.3541530687395 , 32.472082897668706 , 87
242 , 152.2082779972484 , 54.637349720815045 , 47
243 , 184.4218208428024 , 29.674382957530966 , 76
244 , 131.63861474048886 , 59.43271959425654 , 42
245 , 102.93134852721411 , 47.5115121467791 , 57
246 , 105.11690429205302 , 50.661948860137024 , 54
247 , 212.61795985777104 , 31.69075257525409 , 104
248 , 146.2048693013977 , 54.72368814781096 , 46
249 , 175.75951104000822 , 29.96244496716721 , 80
250 , 364.66247956685004 , 34.95752610413881 , 171
251 , 268.16064941124375 , 31.007599218860037 , 97
252 , 236.7901239955922 , 30.823189826413206 , 108
253 , 132.36903606761146 , 43.95244276827736 , 60
254 , 243.0363685854242 , 27.463095464867223 , 86
255 , 80.27714116202426 , 46.024475670861406 , 57
256 , 131.13428946223502 , 34.853345243774804 , 72
257 , 134.70736157862856 , 41.41978909875125 , 69
258 , 100.74675377609782 , 71.85961945895899 , 43
259 , -940.5506781759906 , 92.34963496597148 , 331
260 , 110.69708007189037 , 37.31885715788944 , 63
261 , 227.52858456129408 , 30.896173899950004 , 81
262 , 264.9306870518026 , 37.30879423091926 , 148
263 , 186.69444010006794 , 37.82901768961531 , 107
264 , 380.2535698403983 , 27.954723832446554 , 162
265 , 138.6784007414778 , 54.863798961893075 , 52
266 , 261.92229357576537 , 30.38802944388354 , 130
267 , 155.463558430551 , 44.22198800957698 , 60
268 , 112.68734977635445 , 59.52244205324932 , 44
269 , 190.85467113263218 , 32.00587723751233 , 119
270 , 135.58582931481442 , 65.68870349382352 , 43
271 , 104.5427952638024 , 52.94467766826227 , 48
272 , 167.58521816353058 , 45.25738669400677 , 53
273 , 122.40553333403625 , 48.68346984419599 , 55
274 , 172.0013534566458 , 81.72498499176899 , 325
275 , 109.54932273740276 , 40.14999777007747 , 64
276 , 164.5398319941493 , 53.18508371523564 , 52
277 , 361.61804819659693 , 34.27714054658573 , 183
278 , 122.83677884186913 , 50.36362166918455 , 63
279 , 144.3822857083404 , 56.846230529259806 , 50
280 , 118.50298140411299 , 49.45584720218474 , 61
281 , 104.6531086662403 , 46.084757152854934 , 61
282 , 469.2927825611456 , 30.445062645266667 , 216
283 , 162.8487735751558 , 48.11946720255454 , 53
284 , 89.88042589205465 , 64.49044259389353 , 48
285 , 149.0568496441139 , 62.73051184926703 , 48
286 , 118.62239379757793 , 49.11733825828187 , 64
287 , 152.09941655972688 , 40.49021008567671 , 71
288 , 389.3792469430776 , 27.364771773163696 , 151
289 , 124.11790373765558 , 65.6908991219653 , 42
290 , 432.1799832233788 , 27.51242324873827 , 171
291 , 124.96462875432972 , 67.54557846850294 , 40
292 , 519.5038490024666 , 31.420153200705244 , 223
293 , 130.82759169579572 , 59.51330346450227 , 53
294 , 135.53432318978255 , 44.25104290672042 , 69
295 , 132.2929660234808 , 58.23515578355938 , 49
296 , 514.6006522916456 , 36.07262611176996 , 267
297 , 135.67943077956897 , 56.090534049943294 , 48
298 , 135.68335460604146 , 60.02077965010002 , 52
299 , 114.39694219069531 , 78.09323721467284 , 41
300 , 91.32392721303466 , 45.66202021951166 , 72
301 , 292.80167935453306 , 29.08441609783409 , 108
302 , 237.97326073162122 , 29.448292314350578 , 82
303 , 159.210578260794 , 52.707467156486445 , 52
304 , 431.0131858656114 , 34.127677420154114 , 215
305 , 147.88527225042938 , 53.98803195079813 , 54
306 , 52.26388319765108 , 38.17672191995463 , 68
307 , 146.24475049300742 , 61.7241217820854 , 45
308 , 119.43543118419134 , 40.57482424592929 , 80
309 , 348.6348077062945 , 29.433186467284326 , 144
310 , 174.94663689108557 , 40.6878917951643 , 65
311 , 148.80385785275357 , 39.10176843900976 , 64
312 , 227.3933867629873 , 32.48277996171864 , 67
313 , 133.24541848899648 , 49.4893495293607 , 56
314 , 146.37705907435847 , 46.98695424532118 , 55
315 , 12.093926227477695 , 57.75809393202127 , 134
316 , 164.83569407444972 , 54.754933651632385 , 51
317 , 169.7764371815054 , 30.162826305660218 , 83
318 , 205.3819485493577 , 32.883380432399385 , 89
319 , 127.80168838531468 , 66.31714004393311 , 46
320 , 112.86960665783351 , 49.71055444478186 , 60
321 , 221.61812294199228 , 30.079157315984318 , 99
322 , 150.90268527277348 , 58.33223164373701 , 50
323 , 546.6626160601021 , 30.226772564043724 , 256
324 , 282.63973741529327 , 35.22176701357649 , 140
325 , 117.46013872452897 , 70.24949122040435 , 41
326 , 127.79242359531798 , 80.90268599277012 , 40
327 , 140.45347277152499 , 45.151855330487145 , 68
328 , 123.57186366891618 , 58.208877754555466 , 58
329 , 124.87845344949079 , 63.577322386647566 , 49
330 , 197.12013334258393 , 32.052905011306606 , 82
331 , 133.1520202507742 , 85.1888858621487 , 39
332 , 118.74079757685627 , 65.08936950018489 , 42
333 , 153.7827501365154 , 52.160421092432586 , 49
334 , 94.40077667037816 , 85.7980763910792 , 40
335 , 158.27453328457707 , 29.69832270907603 , 82
336 , 690.6265153725875 , 32.832771260935274 , 294
337 , 220.94761215760047 , 29.27226404831973 , 96
338 , 141.15016409284 , 59.38711658618243 , 49
339 , 469.0072292730658 , 38.422741663942624 , 275
340 , 147.8563386846611 , 55.44325209029403 , 51
341 , 283.2294195664631 , 28.813465095478303 , 139
342 , 183.2441669023508 , 45.88045518491007 , 54
343 , -75.17236179132215 , 45.51093917917896 , 51
344 , 107.82303877311307 , 54.73974480264903 , 57
345 , 117.80566003664786 , 50.15633254528088 , 60
346 , 124.5266964043941 , 59.98471516522663 , 52
347 , 204.1867074280445 , 38.96038601421051 , 68
348 , 139.85342092514867 , 57.600315154678526 , 50
349 , 124.98986623442585 , 60.015611696936496 , 47
350 , 95.0139357312266 , 61.92197863399854 , 50
351 , 143.5007328343311 , 47.957059509195936 , 60
352 , 106.1799847283845 , 64.49913660225867 , 53
353 , 163.86315701693997 , 40.536224936408296 , 60
354 , 529.268220040801 , 33.470471377563406 , 213
355 , 158.67353265493546 , 41.32374065993018 , 67
356 , 175.3745148264503 , 46.06882266940975 , 57
357 , 189.23218063797108 , 39.08230256257079 , 65
358 , 108.4099379800463 , 49.15412040342883 , 148
359 , 94.01431580344259 , 47.90176757032342 , 72
360 , 154.51127607500126 , 45.49875895527175 , 66
361 , 1235.2623318247836 , 46.09112497349585 , 534
362 , 170.69743971718432 , 44.8141565069591 , 59
363 , 92.98471792944916 , 48.46320375360005 , 64
364 , 521.0502985796096 , 33.022824499518414 , 261
365 , 158.05961454043478 , 41.39725628084771 , 73
366 , 120.60744896068842 , 62.24097376383109 , 45
367 , 109.70021644785524 , 56.28225657197235 , 52
368 , 178.74345239931097 , 30.80665376768395 , 93
369 , 413.01144007505604 , 37.25767419276448 , 214
370 , 240.5719048816667 , 25.65850149606787 , 101
371 , 145.94867002165856 , 63.64414776576199 , 48
372 , 116.97851885147503 , 42.197497725891985 , 58
373 , 139.33980933153765 , 69.72435720497921 , 46
374 , 67.48371510392698 , 47.25496062682189 , 47
375 , 50.33882956685708 , 45.87287651795365 , 63
376 , 210.41226782763798 , 31.970166810885445 , 98
377 , 800.1218010161923 , 40.35916831752723 , 331
378 , 131.32254001385627 , 56.005540422423806 , 45
379 , 184.23281684597987 , 35.695802669984936 , 72
380 , 919.3069849772971 , 45.48505156515623 , 487
381 , -326.24362934230714 , 30.23893411799362 , 74
382 , 40.66143770602143 , 57.50585687175551 , 56
383 , 131.0074433151034 , 48.582505601541854 , 58
384 , 210.60165176377924 , 42.9330114888042 , 63
385 , 188.8393614145065 , 34.88073852470867 , 64
386 , 117.50141652916007 , 73.91293752670065 , 42
387 , 139.35243561859372 , 46.43013909384456 , 56
388 , 147.85326710608376 , 48.928818269137714 , 56
389 , 164.9370329667019 , 37.19776347713904 , 124
390 , 255.36701134919338 , 35.77430830961951 , 145
391 , 246.18770252723576 , 30.37094799692563 , 103
392 , 127.18644723031288 , 66.1203696516435 , 43
393 , 127.04177582408899 , 69.49841664903556 , 45
394 , 102.80951225498666 , 55.377075705095656 , 52
395 , 285.4285122316602 , 26.772222769782562 , 119
396 , 143.13764398311955 , 36.17546024023561 , 77
397 , 103.31089009937193 , 46.028195101087576 , 61
398 , 28.364762208875305 , 46.016272561348835 , 69
399 , 161.7126236344726 , 32.32430843175074 , 91
400 , 169.97807057245163 , 39.08061551914393 , 62
401 , 177.36503236467541 , 42.14470951185168 , 62
402 , 174.4448161667723 , 45.704506549429745 , 58
403 , 250.12799238293417 , 29.02168608273462 , 96
404 , 416.4339538411769 , 35.344275426927666 , 219
405 , 404.0374150980854 , 23.272916037164567 , 141
406 , 146.70643336901722 , 59.166071641588196 , 48
407 , 465.7540531165272 , 34.805238073667994 , 255
408 , 182.5643530019414 , 32.14979293287474 , 82
409 , 125.7611227680632 , 48.728837281005255 , 60
410 , 235.74839780634775 , 31.09550212782376 , 65
411 , 167.58573255940854 , 38.26286223088173 , 85
412 , 183.9268413726827 , 32.645725977718676 , 93
413 , 120.35757378524775 , 44.86771348479352 , 59
414 , 63.53912445108303 , 54.265480233207526 , 60
415 , 160.65240720499176 , 40.97525601776135 , 68
416 , 173.03847855926745 , 33.850383356836524 , 88
417 , 59.76273965153142 , 67.43498164341815 , 70
418 , 327.7935383623107 , 27.053264742229153 , 131
419 , 153.49445994571963 , 39.016610639446625 , 71
420 , 186.77698866375337 , 43.4200207807053 , 62
421 , 124.4828360263156 , 38.54917257283978 , 62
422 , 203.37219304446342 , 32.12648805854449 , 102
423 , 134.56147868758586 , 50.119716940316316 , 48
424 , 177.596358785465 , 43.159623171643915 , 62
425 , 474.88107923548154 , 29.435217624625945 , 207
426 , 154.30182215386876 , 40.91418675188846 , 58
427 , 180.88850562336808 , 39.21712071646371 , 65
428 , 610.4471258354533 , 31.831321566263792 , 284
429 , 136.51148495074426 , 56.128024188946966 , 48
430 , 147.74361682078268 , 44.05052560571248 , 69
431 , 168.62273136275968 , 36.10211160729687 , 105
432 , -51.41954862881125 , 60.86204275449655 , 120
433 , 179.7769585810462 , 39.65698539979881 , 65
434 , 233.2961502426329 , 28.93713043009514 , 102
435 , 95.77651779948066 , 72.09346002940907 , 43
436 , 116.38364210792606 , 54.05088632556654 , 48
437 , 136.69179330323905 , 42.70421103437499 , 63
438 , 128.36700847556634 , 43.734028129040745 , 62
439 , 410.8675174607984 , 32.083656799980545 , 182
440 , 183.96328575167254 , 32.47667319934927 , 76
441 , 140.79549689059527 , 43.74134629042161 , 77
442 , 190.10914608304452 , 41.99736588001367 , 68
443 , 524.1382099795725 , 36.183166404705254 , 214
444 , 84.09142328497698 , 41.25262644784013 , 69
445 , 124.72857129850225 , 61.091340389870744 , 47
446 , 129.65525865601973 , 44.61547322918589 , 63
447 , 117.75069041724133 , 37.04761711460771 , 87
448 , 123.6997086237016 , 72.06692330004684 , 43
449 , 296.8521680146133 , 26.92111972939025 , 122
450 , 119.40610991308054 , 59.662001031302815 , 48
451 , 147.8931113851082 , 42.38264626395028 , 58
452 , 100.72622442680768 , 69.97610759282963 , 42
453 , 62.649685658655365 , 44.16533830033803 , 81
454 , 181.38933107771578 , 39.13017082155224 , 69
455 , 118.1752544968501 , 37.46962953835039 , 82
456 , 153.61716699010285 , 46.590996832167434 , 56
457 , 614.1401152477838 , 33.32677553514485 , 256
458 , 224.28870426515837 , 29.09567964691189 , 88
459 , 664.1730419946266 , 35.624261600818315 , 290
460 , 2004.0380720547723 , 23.28424003782579 , 1000
461 , 95.65137632033407 , 49.972235698810394 , 55
462 , 164.0173081488288 , 56.72165495537784 , 48
463 , 249.23043999950224 , 29.322361818732336 , 98
464 , 132.7668671596256 , 47.338775519230595 , 50
465 , 214.80236629343963 , 26.4949270569672 , 83
466 , -66.40985425593522 , 59.4022111431389 , 42
467 , 157.19442660423817 , 37.350884292692655 , 70
468 , 298.11124867566605 , 25.860561484489406 , 124
469 , 148.14094278404912 , 40.40402324507343 , 66
470 , 172.59411697878966 , 34.6358131346707 , 70
471 , 153.2513932568999 , 58.890050695045105 , 48
472 , 188.10692596805828 , 33.59652132978211 , 71
473 , 175.45636682182874 , 42.87747276022417 , 62
474 , 153.29131285194467 , 37.96607989367846 , 83
475 , 1715.1271056423323 , 31.827111074606492 , 1000
476 , 198.22739982440405 , 34.214831184398484 , 82
477 , 117.02138313053383 , 59.58590550534601 , 42
478 , 358.5887391354875 , 29.300538654306727 , 145
479 , 148.534073095541 , 58.00714395507715 , 48
480 , 292.0576232417409 , 32.288397692324196 , 148
481 , 114.95335077428722 , 72.73767073460371 , 40
482 , 1990.761022432849 , 27.00790443914926 , 1000
483 , 750.4373846228941 , 48.22729664413639 , 422
484 , 190.46233071011966 , 41.77760865258379 , 54
485 , 190.38534824507875 , 32.95943461226969 , 98
486 , 1990.1985358966558 , 30.150979854737866 , 1000
487 , 124.57355826000396 , 65.87161599216063 , 41
488 , 191.6693561060109 , 38.82677423091285 , 65
489 , 155.3702845967536 , 45.099110814851365 , 50
490 , 173.31102516463545 , 44.44069508896278 , 55
491 , 119.46886462444463 , 60.793761921068764 , 45
492 , 262.0614991194949 , 29.212375949181492 , 94
493 , 265.1261998526836 , 30.11347308490958 , 104
494 , 234.90348258581372 , 29.775340924228054 , 89
495 , 160.4307301557038 , 50.209508067914314 , 54
496 , 242.13284637693786 , 29.055260505341696 , 91
497 , 129.99216866430223 , 53.4141153883636 , 53
498 , 473.8119388992393 , 34.24997261348077 , 214
499 , 262.6158535057831 , 32.515626458275065 , 141
500 , 153.84473760703364 , 53.99799453936442 , 48
501 , 150.9788521232316 , 33.841342269811854 , 71
502 , 136.76879630476262 , 60.78354213327123 , 46
503 , 153.6061033305752 , 32.9172216063781 , 80
504 , 151.57698348503232 , 44.600273038211284 , 59
505 , 190.6045657985828 , 35.610177092158935 , 78
506 , 137.89654492880632 , 40.53859816457788 , 57
507 , 1970.7105796112933 , 27.908222858423674 , 1000
508 , 189.7656606936115 , 39.594588043364055 , 62
509 , 204.61043472468205 , 34.21954236990318 , 83
510 , 155.66446307420532 , 47.04258656942321 , 52
511 , 163.7702988201414 , 40.48395965562665 , 56
512 , 129.95124355035193 , 39.590900404415144 , 70
513 , 396.31634597275115 , 24.52511214897261 , 160
514 , 166.72751074589013 , 43.160125172798345 , 57
515 , 176.52387091589395 , 35.80409871052848 , 60
516 , 1739.128471867075 , 59.464465524553376 , 1000
517 , 156.21118286878269 , 52.42748983494944 , 47
518 , 128.6141665596971 , 49.92588532316861 , 56
519 , 200.04175234511618 , 32.085883674398204 , 84
520 , 129.89126539217705 , 60.12613287060986 , 43
521 , 190.97284297466655 , 34.484498412838306 , 78
522 , 154.26969789848255 , 45.57395194225983 , 53
523 , 143.58676591588522 , 45.378546462981014 , 57
524 , 145.30750166698238 , 67.34424117939028 , 44
525 , 157.6851464439152 , 51.95081585526364 , 56
526 , 1123.5743826123714 , 50.1080131909352 , 531
527 , 189.67058136282702 , 44.34250071938472 , 65
528 , 183.8889319477006 , 46.310901829502455 , 53
529 , 197.33429510775025 , 35.97418309834529 , 73
530 , 373.09705744118395 , 25.73308596715323 , 130
531 , 731.2006978157613 , 33.33637024466536 , 295
532 , 172.0115289634537 , 33.15293054562947 , 85
533 , 133.21005614834837 , 52.62109667969495 , 51
534 , 213.07210962985525 , 27.309790133225686 , 108
535 , 2161.6436730297087 , 24.993957931428938 , 1000
536 , 120.57353739205581 , 56.17151818278272 , 49
537 , 978.9157554335028 , 47.45049459341325 , 416
538 , 145.94138789299768 , 45.86407574100022 , 52
539 , 181.41870939287182 , 30.623790042243524 , 80
540 , 291.78029625032764 , 28.193892130028956 , 129
541 , 497.63327901330933 , 34.294575525958145 , 206
542 , 139.44298412372902 , 47.07643953106429 , 46
543 , 142.7392354308505 , 52.56399987157086 , 48
544 , 120.45550705084744 , 43.918565548521315 , 51
545 , 122.95694468144602 , 59.57146409393777 , 52
546 , 113.11970216356093 , 42.0510227123742 , 63
547 , 242.0884942230559 , 28.497787238939733 , 84
548 , 161.61925691508222 , 46.84025024889888 , 53
549 , 133.34676610089127 , 51.61647138318796 , 50
550 , 412.61116471203206 , 29.492818199855854 , 163
551 , 170.3135842017531 , 36.44198357098655 , 70
552 , 134.94450715878287 , 53.05891588569742 , 44
553 , 197.5342226723698 , 35.8394477388544 , 72
554 , 150.61720039265288 , 50.16057174824518 , 49
555 , 303.5728544949631 , 23.653784015672127 , 114
556 , 212.44986598439212 , 34.31309337108516 , 62
557 , 208.8324352541239 , 39.112777020353334 , 65
558 , 314.28030260384185 , 31.648244758909033 , 144
559 , 179.58862740525322 , 40.65307373126686 , 64
560 , 223.08090485412112 , 29.02132698334552 , 105
561 , 131.39240686335984 , 51.00200414327049 , 49
562 , 124.11425746661759 , 50.0341078139035 , 49
563 , 312.7321880652143 , 28.33342292153871 , 120
564 , 131.55516428198953 , 45.32529361186083 , 61
565 , 282.1588409522351 , 28.63779291176312 , 103
566 , 50.880032516568825 , 42.340094262732975 , 78
567 , 214.68036426133997 , 34.10686263529944 , 66
568 , 196.52125551336815 , 37.49325231250729 , 68
569 , 60.00553988540514 , 71.01179291560231 , 41
570 , 152.15496096053369 , 53.229101477687074 , 52
571 , 156.96789123700182 , 43.14058079009489 , 60
572 , 622.777920076668 , 28.01999690274807 , 247
573 , 165.9112813959187 , 37.21219475541759 , 66
574 , 141.08917987338995 , 40.7118396299413 , 53
575 , 917.7163421912343 , 30.922848962188265 , 391
576 , 473.47967015407664 , 27.8494191988173 , 214
577 , 166.06919980074665 , 49.340735953638564 , 50
578 , 136.26027048919042 , 57.78238073211078 , 45
579 , 130.62089894499618 , 66.72890210962667 , 41
580 , 162.0988566020826 , 45.228524235887015 , 57
581 , 131.78816540925186 , 38.22797234479318 , 56
582 , 215.85709386555848 , 33.32683158607438 , 86
583 , 130.64565433375256 , 60.777714651418115 , 47
584 , 160.3998092028474 , 45.898070831697744 , 58
585 , 157.36800007882903 , 35.89053404486566 , 79
586 , 198.3014627556607 , 35.78618160908473 , 68
587 , 112.68535616816006 , 63.611453295005724 , 41
588 , 146.19900401460868 , 40.76097450091626 , 71
589 , 123.70743926609973 , 39.80316966434817 , 81
590 , 184.11557761500922 , 40.49711400080792 , 61
591 , 180.89174483724497 , 34.512434027658124 , 59
592 , 154.8801191461052 , 50.88385402981662 , 48
593 , 173.50486534746733 , 46.9790686367923 , 58
594 , 405.6135467698326 , 27.232734164536566 , 178
595 , 135.44643602980497 , 67.86923174163961 , 44
596 , 126.07208447469927 , 46.95176547730257 , 57
597 , 202.6902654322874 , 36.08395937707747 , 74
598 , 128.85038140468416 , 34.032427899888546 , 69
599 , 132.84755538543243 , 61.307295410872484 , 43
600 , 99.65273192403534 , 74.85881205803508 , 40
601 , 164.14549203373002 , 63.778372077087994 , 46
602 , 436.1135777019151 , 29.231491228201104 , 193
603 , 192.2179367074506 , 28.85947623525965 , 88
604 , 183.15659926990125 , 34.2166691276304 , 65
605 , 99.30210847703775 , 48.51859770125485 , 50
606 , 295.27846549217367 , 25.321498395856338 , 142
607 , 162.6247684238128 , 47.9525793399891 , 48
608 , 208.17719792784376 , 39.0343544978188 , 63
609 , 107.12824913971082 , 67.74887413995341 , 41
610 , 208.86909185403113 , 43.00670272261426 , 58
611 , 152.9713228510462 , 55.716046028326545 , 48
612 , 207.73894960096874 , 28.369343895839823 , 90
613 , 171.88587513925137 , 43.92696130849571 , 57
614 , 145.38463107311586 , 47.66786127368448 , 49
615 , 2252.638542642836 , 31.54848739350611 , 1000
616 , 170.7420884907165 , 47.292551321290844 , 53
617 , 2305.88970298757 , 25.367328091680044 , 1000
618 , 183.05619724921027 , 40.35161910853001 , 62
619 , 189.74266810842244 , 35.404723986265665 , 78
620 , 95.75533420785789 , 43.10489486200403 , 57
621 , 136.98444478648904 , 69.04132556653451 , 42
622 , 166.0155609795706 , 46.920719098871594 , 52
623 , 161.72467180005165 , 52.20691538242035 , 49
624 , 124.13673073548745 , 57.64498457603146 , 46
625 , 160.20559331482593 , 38.27271652398625 , 70
626 , 171.9896829242938 , 34.80846021273291 , 66
627 , 149.81370710309363 , 66.43075412982589 , 42
628 , 173.95253645197573 , 32.27994507819989 , 74
629 , 171.4901494876713 , 45.45951584192312 , 59
630 , 138.40842673459457 , 47.67705175147328 , 54
631 , 163.09295392913563 , 41.80482634228685 , 56
632 , 137.38886794566648 , 75.32625066644485 , 41
633 , 148.75952543102704 , 57.61137195036556 , 44
634 , 141.48711347086584 , 78.1163807998476 , 42
635 , 171.45614973027597 , 38.640729673100445 , 56
636 , 140.62813096199963 , 60.978655378251446 , 45
637 , 130.22937589574903 , 81.58526476326355 , 40
638 , 223.7642981853582 , 32.93449409159766 , 67
639 , 2319.6701662742653 , 40.54922410476932 , 1000
640 , 306.225429634821 , 26.86070761307037 , 134
641 , 140.4049018850036 , 64.58195801700883 , 43
642 , 126.61359956838183 , 57.47705234903448 , 46
643 , 1974.6137704035343 , 30.494804798540095 , 1000
644 , 194.47774439164732 , 44.66351353465092 , 60
645 , 143.88677466705676 , 47.78555341127779 , 48
646 , 171.38635949544692 , 31.29038044308692 , 76
647 , 2138.353431976635 , 32.17243282641836 , 1000
648 , 129.53572694176847 , 70.64047038208612 , 40
649 , 134.09419518789178 , 65.48911179788882 , 44
650 , 167.8035349508311 , 37.10627993269819 , 79
651 , 2390.84318080194 , 27.528394866884994 , 1000
652 , 151.529761313406 , 52.912429838286485 , 50
653 , 140.6946748559104 , 51.83927779459223 , 48
654 , 562.8681178487604 , 25.64342223702826 , 195
655 , 142.9653135340286 , 50.202527033969304 , 54
656 , 164.70790905902942 , 43.143350119198466 , 57
657 , 187.96013322927408 , 33.25429241893321 , 91
658 , 155.7092038467464 , 38.637130770824584 , 62
659 , 462.7746305606023 , 22.857717353732333 , 147
660 , 373.37148063865453 , 29.999302576897122 , 164
661 , 337.7441496759614 , 32.29898510070392 , 170
662 , 161.2370946274362 , 38.865399494009466 , 59
663 , 144.88609482587896 , 41.56929176012999 , 58
664 , 153.10213251850263 , 60.62802741969244 , 46
665 , 155.7780031323761 , 35.442256707635 , 73
666 , 170.7807701506742 , 46.76149697178003 , 55
667 , 156.31310925064355 , 66.60389134858522 , 43
668 , 225.17882956054925 , 28.097326131919186 , 96
669 , 162.33671595758142 , 34.964260471131695 , 77
670 , 1029.7765193434448 , 45.671465073350525 , 418
671 , 369.7024239373268 , 25.26544161662569 , 148
672 , 131.2943668085807 , 44.89192022450456 , 57
673 , 154.46233242537056 , 33.20946360481083 , 64
674 , 98.83554959484681 , 66.73317007486682 , 42
675 , 146.9794360760066 , 37.29394972061366 , 59
676 , 143.82985332263218 , 32.669921364886775 , 77
677 , 131.906078247202 , 42.75676274991274 , 75
678 , 127.05595333068801 , 47.63872199725282 , 53
679 , 2346.456732366187 , 35.49112123710016 , 1000
680 , 207.30346655992253 , 34.67019848343276 , 89
681 , 220.6686033138361 , 36.399592245489934 , 64
682 , 168.34111401337395 , 41.85686990340129 , 55
683 , 846.6077307038952 , 32.71269147518638 , 297
684 , 381.7479918272005 , 30.97369300923488 , 158
685 , 452.0226901286878 , 38.25230124570207 , 244
686 , 546.4248735019644 , 28.406997416247478 , 253
687 , 160.85845343659327 , 31.03225173488093 , 84
688 , 161.81246527329634 , 59.43227486164248 , 47
689 , 198.0541239403232 , 31.754544723810973 , 116
690 , 137.06081178051113 , 56.91970676181461 , 46
691 , 146.17626556443426 , 62.167848970216156 , 43
692 , 2093.32053395405 , 40.621310297743925 , 1000
693 , 150.5003404453229 , 36.50021790115365 , 60
694 , 249.87295575181759 , 33.41743632539283 , 116
695 , 530.8776363231754 , 27.181933179566897 , 234
696 , 456.8379688146909 , 39.799381238059624 , 259
697 , 154.83606919961468 , 58.40652511702955 , 47
698 , 242.37394226413463 , 35.75984808287891 , 91
699 , 115.12282345875954 , 47.633072309086074 , 59
700 , 2047.6370434975358 , 34.922099724598255 , 1000
701 , 184.12594474942412 , 31.386160910060244 , 95
702 , 118.96410792857797 , 42.18080714832148 , 52
703 , 2229.1126211939822 , 28.207523620596476 , 1000
704 , 180.51232441815716 , 38.501187983594946 , 65
705 , 145.53944541877928 , 63.6998675452216 , 49
706 , 194.77821381003156 , 36.1248346865882 , 63
707 , 2104.6150078956275 , 23.801494761932208 , 1000
708 , 2370.7464453186153 , 46.36797154450157 , 1000
709 , 183.59927755117818 , 37.81274038157845 , 69
710 , 159.6745395232086 , 35.55726756971736 , 63
711 , 943.7182616983943 , 31.79393060058282 , 399
712 , 202.8898677781234 , 32.65692737727561 , 73
713 , 211.36165475529606 , 27.153718073189445 , 92
714 , 139.9345537193467 , 69.85248281126589 , 41
715 , 182.2377306180465 , 34.03866915939381 , 76
716 , 201.10010067251991 , 32.894882741550056 , 69
717 , 169.98164827313096 , 33.43658337135001 , 82
718 , 909.1265465796432 , 39.836165426125746 , 436
719 , 280.687516899581 , 27.897404249805902 , 103
720 , 166.74659191940162 , 48.3485766121437 , 50
721 , 2477.7418826629714 , 19.61812203756778 , 1000
722 , 127.87229736140418 , 59.53633670415375 , 43
723 , 195.4675269912565 , 31.208078397092184 , 74
724 , 177.55885959720916 , 35.98161963234079 , 62
725 , 153.5410759140151 , 35.5436319074439 , 65
726 , 186.72409110410624 , 36.78573092329894 , 67
727 , 112.28007014004301 , 52.86120726035945 , 47
728 , 2398.5893516407255 , 49.7604039005691 , 1000
729 , 247.65836829547 , 32.25066186163346 , 146
730 , 205.42382423733616 , 36.41833104579514 , 77
731 , 190.02344138337455 , 31.000695202276443 , 76
732 , 219.0820796058888 , 29.51748966010201 , 98
733 , 115.26266952506593 , 52.28907936193089 , 47
734 , 175.82845546292893 , 38.73311774317179 , 57
735 , 141.00825385370976 , 49.35135543754891 , 47
736 , 133.70904927087855 , 79.38650382359911 , 40
737 , 173.85269465835063 , 44.72364193983477 , 54
738 , 174.21720312840154 , 34.28464899105795 , 68
739 , 151.16758921318979 , 48.04401651935207 , 51
740 , 137.34466251126977 , 74.43437265827475 , 40
741 , 219.02124706658182 , 29.228112023442947 , 91
742 , 2319.906310360023 , 25.726371192631913 , 1000
743 , 131.51526236626844 , 83.2475899631319 , 39
744 , 2502.8514191489717 , 22.652004533792777 , 1000
745 , 429.3877494971265 , 33.12149849480286 , 210
746 , 128.39804154210532 , 72.00937031024415 , 44
747 , 2289.7034743443223 , 57.70859169080244 , 982
748 , 216.82591386560424 , 29.82199349108904 , 89
749 , 240.64843017796537 , 28.726896031443882 , 89
750 , 349.497853629695 , 23.305742488441098 , 128
751 , 154.5472883719704 , 41.47362243363012 , 55
752 , 165.4980073860177 , 43.72324063664541 , 60
753 , 185.82193394409626 , 36.323894464837075 , 64
754 , 854.4720168181664 , 29.836818164939842 , 356
755 , 209.44366593170483 , 31.275226695549737 , 70
756 , 425.4401471505282 , 25.207477656010465 , 150
757 , 2174.603923897611 , 24.17126925234097 , 1000
758 , 140.7912312517775 , 42.77392180587636 , 61
759 , 137.6725520821252 , 32.8730647650408 , 85
760 , 317.32997093269597 , 25.26669445863588 , 128
761 , 199.2555197589291 , 31.930392650840055 , 76
762 , 2339.9034047047 , 32.079813374235705 , 1000
763 , 114.50765080821654 , 68.809769182434 , 41
764 , 2267.088032318209 , 26.5444989562437 , 1000
765 , 145.43205698392063 , 44.88535044106057 , 63
766 , 159.85329904630817 , 51.82138825676709 , 50
767 , 251.32485294772357 , 26.11544924563636 , 99
768 , 2193.565801755194 , 55.25344852953574 , 1000
769 , 2224.6413827737647 , 27.672149691984867 , 1000
770 , 118.67119044604604 , 77.64295723513132 , 40
771 , 186.39487537343052 , 36.49394841234889 , 65
772 , 2151.3343830817735 , 27.21391831297428 , 1000
773 , 138.2251486858028 , 64.67562579604362 , 46
774 , 71.34097436571486 , 51.47938207993073 , 47
775 , 174.97082356328337 , 32.875451051333236 , 74
776 , 221.86814959597288 , 32.02565395200619 , 70
777 , 140.31817635234455 , 60.18836074510966 , 47
778 , 166.03066510839926 , 32.438678121271316 , 71
779 , 178.77193658508463 , 36.794491380021704 , 67
780 , 80.07291921358336 , 67.61266625492563 , 42
781 , 126.2255761791463 , 64.80281534040171 , 45
782 , 168.3121820351214 , 36.90065992021761 , 59
783 , 211.96276366473992 , 29.17013398073467 , 95
784 , 149.6167768905067 , 61.09549884242687 , 47
785 , 2166.4574629176477 , 45.76644765985798 , 871
786 , 174.16896422201884 , 33.98128597939802 , 76
787 , 837.6806996940406 , 48.52906724640345 , 398
788 , 164.07782074491206 , 53.13035787014685 , 50
789 , 2436.433417905427 , 22.603612725492845 , 1000
790 , 394.30375738164196 , 24.737359846841162 , 150
791 , 196.03870897393207 , 32.54712293459441 , 61
792 , 119.25276890399896 , 58.1365789395138 , 47
793 , 197.8477018880526 , 34.811673249599565 , 67
794 , 2292.7110492313655 , 25.098624341025793 , 1000
795 , 207.39109034305892 , 42.47528703620499 , 63
796 , 234.12955687316128 , 30.324899180361218 , 77
797 , 209.0919320552707 , 37.22952639150294 , 65
798 , 253.1396178843577 , 27.986029438007073 , 90
799 , 156.30919842760386 , 42.05549677286143 , 54
800 , 197.52985718955492 , 44.245429232441886 , 57
801 , 199.67213021823963 , 31.15502757434664 , 95
802 , 201.51986655753564 , 30.282592042943097 , 80
803 , 162.05576054238563 , 32.96087400254595 , 89
804 , 136.56054540759774 , 37.529481468188116 , 67
805 , 205.0695331200397 , 30.93319740591475 , 77
806 , 207.56183981868566 , 30.015498047323202 , 79
807 , 148.57812593178045 , 62.23285887733818 , 47
808 , 2339.6731664029808 , 25.41803720311305 , 1000
809 , 166.0882975838647 , 37.86555044382404 , 69
810 , 179.19765989169616 , 37.83224537343822 , 65
811 , 138.00047927625954 , 70.28654461383142 , 44
812 , 185.99393473122805 , 36.86987543883764 , 67
813 , 133.51481331240697 , 61.277045985563674 , 42
814 , 158.15730901485693 , 39.64434918286194 , 60
815 , 190.7684696209887 , 35.98242431757871 , 57
816 , 151.48735460878638 , 63.5704936645817 , 43
817 , 115.43859361979318 , 67.07736568776147 , 43
818 , 162.56254547251223 , 35.75017885114824 , 77
819 , 204.08184644672298 , 31.834981779638426 , 70
820 , 169.01472120662268 , 42.252583771776145 , 59
821 , 130.90380386735035 , 61.070611440143935 , 45
822 , 222.76573121135104 , 28.80385112843614 , 93
823 , 130.20423550389256 , 72.17988699231536 , 40
824 , 217.29004754564932 , 32.69751286612115 , 72
825 , 2390.207688811549 , 23.25991230483734 , 1000
826 , 151.44796045489977 , 30.742725033422122 , 70
827 , 198.93820308089252 , 40.045381744787626 , 61
828 , 693.945548766837 , 38.72070208487689 , 322
829 , 159.26565295098635 , 37.04038593725514 , 67
830 , 186.77813002858363 , 43.778190283509204 , 54
831 , 130.16788702178113 , 75.93481457207415 , 40
832 , 216.41202560300408 , 30.32396265879954 , 82
833 , 833.5509013248568 , 28.179744818978698 , 333
834 , 218.60974895149087 , 28.549301810220566 , 84
835 , 148.8251760549911 , 62.543351288422876 , 47
836 , 473.59321349711155 , 32.46659716728941 , 225
837 , 200.15504816283664 , 44.241454231637746 , 55
838 , 380.17987834688483 , 27.633996462117786 , 170
839 , 203.50157088846723 , 43.495585113561 , 59
840 , 502.02374699284405 , 25.165746875539476 , 189
841 , 159.2538369452617 , 30.338286395684378 , 88
842 , 166.93518401032864 , 44.76801941278147 , 55
843 , 141.7980727124902 , 58.49670104035601 , 49
844 , 190.74812042609878 , 37.13224042672628 , 74
845 , 188.89443668076578 , 41.975766211617525 , 58
846 , 2238.158904307545 , 40.078441050317714 , 1000
847 , 179.68167398828498 , 34.78159339242846 , 59
848 , 183.0099767393134 , 37.773179915142336 , 56
849 , 118.9383066293639 , 46.07064300419548 , 47
850 , 201.92401999957193 , 28.587076456441565 , 68
851 , 125.67227443796715 , 75.31639366376508 , 43
852 , 146.18684703538185 , 37.748084242737086 , 63
853 , 148.19688386689955 , 52.24129246407288 , 52
854 , 538.2316396038808 , 42.42515768629226 , 251
855 , 1169.591520179331 , 40.24051204189342 , 524
856 , 217.4596097815188 , 27.811517654542254 , 89
857 , 144.9300191738752 , 50.2221582937477 , 52
858 , 171.87686413785747 , 30.597623656731372 , 75
859 , 213.59760916154616 , 30.380772903785672 , 82
860 , 125.93652097316001 , 76.89452324823162 , 47
861 , 177.70562957387645 , 33.5267656939758 , 64
862 , 202.26914352775097 , 29.347975162568673 , 74
863 , 179.3473599263505 , 46.69897789833431 , 52
864 , 239.42900940457926 , 27.445374550076366 , 98
865 , 141.21166682908387 , 79.26865016788395 , 40
866 , 189.95158828603888 , 30.48048096154217 , 70
867 , 167.30286463865156 , 34.762296363381104 , 68
868 , 178.7590943749394 , 38.17893179597522 , 61
869 , 147.02797887316387 , 69.27500509093608 , 44
870 , 256.78017494387274 , 28.048827446179242 , 81
871 , 2452.5735413767125 , 26.78584683909963 , 1000
872 , 211.39164561052644 , 29.633470710098024 , 99
873 , 122.26133153581915 , 38.891516170672524 , 68
874 , 181.81644587293826 , 38.454975547413056 , 59
875 , 162.52247192282329 , 39.24815674251809 , 61
876 , 166.2752964290775 , 40.982686778169246 , 64
877 , 244.5266718386954 , 29.68996481359617 , 81
878 , 2251.0130629428377 , 26.273148294185358 , 1000
879 , 167.267616598409 , 44.23538427383845 , 53
880 , 127.4671610444357 , 48.708144313569235 , 51
881 , 2219.186072836879 , 22.75474628573766 , 1000
882 , 156.81446846061914 , 32.503257758419515 , 57
883 , 187.50161084188693 , 28.884082213796813 , 81
884 , 2403.3168952708456 , 25.083836948397746 , 1000
885 , 2343.9919154831937 , 30.655706422407956 , 1000
886 , 166.35772766543099 , 47.40979072715012 , 54
887 , 263.8535546230788 , 27.032154460055292 , 98
888 , 164.9702159073458 , 47.90421924466193 , 51
889 , 182.61141175903987 , 38.307433259411994 , 60
890 , 215.87747180187637 , 32.352285414284644 , 75
891 , 158.46489833654914 , 39.80805074927198 , 66
892 , 132.46950738707858 , 79.12866410151877 , 41
893 , 2282.1719716158927 , 49.99254251190731 , 1000
894 , 123.95529890211405 , 47.10719579369367 , 51
895 , 206.52792986595864 , 31.060998783276137 , 79
896 , 174.09503957415086 , 32.773845157846885 , 81
897 , 193.82300620395498 , 37.9556977150497 , 72
898 , 180.29174466714127 , 33.43888584240395 , 67
899 , 157.48438843809686 , 62.37194926896813 , 43
900 , 211.85926120744082 , 30.54266518843343 , 70
901 , 150.7429146329998 , 51.55397778360985 , 55
902 , 173.83649526498 , 36.66217509234592 , 71
903 , 2481.917549192449 , 24.061565127229237 , 1000
904 , 205.15678321222572 , 32.55236332654646 , 77
905 , 543.8768371280446 , 42.30761600701527 , 312
906 , 214.9174718041074 , 31.668217857905056 , 90
907 , 218.88735004435284 , 34.61742077411824 , 67
908 , 186.95124776846214 , 39.83375622429332 , 59
909 , 219.28661728493398 , 24.994083505709778 , 85
910 , 215.15017272955947 , 29.46788323101808 , 81
911 , 283.41884791458887 , 27.18673725464636 , 123
912 , 142.73108614339048 , 51.89183707026645 , 57
913 , 237.14240076477031 , 30.258824903580916 , 86
914 , 1209.516541214471 , 40.62740458359262 , 543
915 , 2222.4581216806478 , 56.99997393230719 , 988
916 , 195.40499131593015 , 31.040755331677996 , 80
917 , 154.93222573802086 , 63.634301206622276 , 46
918 , 171.90024666250542 , 41.43717976482273 , 55
919 , 191.79503144857807 , 30.795341217961077 , 77
920 , 182.38164555372578 , 35.81759554173731 , 59
921 , 238.6517603860244 , 27.382923672381537 , 91
922 , 267.2127504808669 , 30.52754401958903 , 98
923 , 194.70818477104953 , 31.869276959054776 , 64
924 , 126.59200581849579 , 64.02946544156303 , 43
925 , 148.18052266516156 , 50.853795203357095 , 51
926 , 196.1332799500439 , 25.186576098763297 , 74
927 , 2408.8994914916607 , 27.986290003283766 , 1000
928 , 190.57409341605666 , 38.04574473819697 , 66
929 , 130.7503360895958 , 53.250379927677216 , 48
930 , 158.59805902361265 , 58.98288369895483 , 47
931 , 293.92136839379936 , 28.986099673399963 , 115
932 , 172.26625879118697 , 48.99962746136295 , 51
933 , 2258.6116246310353 , 27.032287181859456 , 1000
934 , 170.13794988899966 , 31.613137462564772 , 95
935 , 567.138901424055 , 36.39540933368777 , 274
936 , 359.18554860392123 , 29.353020024406767 , 159
937 , 203.47185230274764 , 35.89606776982214 , 63
938 , 212.81981787269393 , 30.303670825023918 , 80
939 , 287.7995443701175 , 27.90776008503611 , 107
940 , 219.6139075800545 , 27.59078689867334 , 85
941 , 172.61049438579516 , 42.841654535149 , 58
942 , 2290.9707922900525 , 29.682159028135285 , 1000
943 , 139.32103334287868 , 72.46085213003225 , 41
944 , 607.4316572464658 , 29.16223822930754 , 265
945 , 135.68982306722535 , 78.49095868067353 , 40
946 , 195.07912282792157 , 33.3961921592373 , 63
947 , 151.98823471598806 , 48.57583110825781 , 52
948 , 316.5068412588069 , 23.57842537826175 , 112
949 , 178.39006361869954 , 33.64412983927101 , 65
950 , 191.36830728727432 , 35.1294036314728 , 71
951 , 156.50096883785284 , 39.26501836445822 , 63
952 , 141.344082492228 , 59.4635328705219 , 46
953 , 288.0361521257163 , 25.036812750291354 , 99
954 , 157.96506742298786 , 44.50206697495399 , 60
955 , 2517.6745751748285 , 31.786683326176057 , 1000
956 , 238.89366659833928 , 27.548202175602867 , 115
957 , 2360.2400475319773 , 32.84093433882706 , 1000
958 , 194.9892134094882 , 38.76945236249062 , 59
959 , 170.3391222832569 , 42.58173132982599 , 54
960 , 355.61712410874014 , 22.81617254991835 , 134
961 , 141.60248258217888 , 58.0445672070169 , 45
962 , 146.9855560703589 , 62.09123066145018 , 46
963 , 145.4935098910784 , 72.1657067263921 , 41
964 , 129.83370791074344 , 50.62487340639681 , 50
965 , 170.11688240040206 , 37.78456059392746 , 57
966 , 141.65600764609422 , 55.58700864366019 , 47
967 , 258.2654045588227 , 27.849994439293503 , 124
968 , 183.31325471588423 , 40.58999653686157 , 61
969 , 216.6656993645121 , 31.04888159640704 , 80
970 , 2112.552344863574 , 26.68348700174521 , 1000
971 , 130.0887767391466 , 48.67082522042498 , 50
972 , 252.09772706417192 , 28.530852717553028 , 85
973 , 106.30249796767485 , 39.11282331902368 , 57
974 , 169.38478855412023 , 46.587501510757455 , 52
975 , 159.24940776197528 , 58.31435078920761 , 47
976 , 172.22816281792498 , 46.34243822791728 , 56
977 , 150.64708420905293 , 41.000939119220654 , 55
978 , 149.365776836181 , 60.51950773398481 , 44
979 , 299.189850561761 , 25.45104585383239 , 121
980 , 426.6183218153175 , 25.58319504016195 , 156
981 , 297.98997954985197 , 23.769845123280056 , 94
982 , 194.75569403935697 , 34.33177587346088 , 75
983 , 164.62033926243095 , 44.818411961810625 , 56
984 , 2221.333705833959 , 27.200871355534215 , 1000
985 , 193.4164146777144 , 35.96048941282196 , 56
986 , 129.1355812490724 , 71.2459945711869 , 40
987 , 253.72925583369008 , 29.546366399200316 , 93
988 , 165.80465584023733 , 36.72168853673875 , 86
989 , 181.89616056876557 , 39.301830255711884 , 58
990 , 290.2649335457689 , 22.589524898769703 , 89
991 , 212.9865803153758 , 31.308933382028194 , 74
992 , 2196.6010404706385 , 52.93720594355217 , 1000
993 , 1922.7399465566205 , 25.50509512343202 , 1000
994 , 133.98509704495194 , 72.00428391937301 , 41
995 , 364.4668394404769 , 25.801247658568855 , 136
996 , 147.02375000600853 , 66.70990955279706 , 43
997 , 2364.5485264188837 , 29.745097936132918 , 1000
998 , 132.1937114307839 , 77.24360263362203 , 42
999 , 2388.393104042651 , 23.14149288804438 , 1000
