Seed Value:- 61
1 , -144.52982585643926 , 0.8048960345675382 , 22
2 , -372.25388083556635 , 135.46422754986335 , 32
3 , -287.73008121061616 , 48.453528875276874 , 26
4 , -124.5420628655753 , 28.332918548389944 , 91
5 , -141.12089293629916 , 5.060988131914691 , 25
6 , -171.7477251956221 , 58.199768258649144 , 30
7 , -41.39341830682762 , 52.03070369583521 , 45
8 , -333.99679835423825 , 78.92306129213891 , 26
9 , -371.75967390795086 , 94.1771649893578 , 35
10 , -274.6206148881981 , 134.26177803622923 , 38
11 , -148.2986528663533 , 18.9655912111148 , 35
12 , -148.9122490791628 , 31.059146481745007 , 48
13 , -326.46106551364625 , 94.53798708327487 , 86
14 , -144.758904360129 , 23.548926587476586 , 54
15 , -150.9804110460125 , 11.189523524280471 , 28
16 , -154.95771348454255 , 13.662139643725476 , 46
17 , -84.82920910640284 , 65.63927944475891 , 42
18 , -141.87295121425925 , 1.5841275166774915 , 23
19 , 50.342972100848115 , 36.82964800823783 , 93
20 , -101.11700088584625 , 15.993238971081512 , 93
21 , 0.09825636169416718 , 42.57845439572256 , 49
22 , -151.16637204050872 , 2.0737762923201593 , 26
23 , -140.97575576048982 , 1.6865901714969431 , 25
24 , -111.37551769959197 , 1.1183719324085066 , 16
25 , -98.3783230681847 , 13.616993298857723 , 98
26 , -135.35517241997678 , 3.115565559011951 , 50
27 , 51.56806839215151 , 37.276064179610586 , 83
28 , 66.78800790828019 , 33.20635951117468 , 97
29 , 163.19578404654092 , 32.09992163711747 , 196
30 , -104.6909030025525 , 6.801051544199389 , 89
31 , -142.09827255858352 , 1.8735995335219917 , 25
32 , -141.09025335238724 , 0.9770550978398448 , 27
33 , -146.40294032790035 , 0.7905526056974885 , 24
34 , -144.18729347007636 , 0.7907391121073434 , 21
35 , -114.67033203863514 , 0.715349811932774 , 15
36 , -133.21303220139933 , 0.9344494856894376 , 17
37 , 58.26228262500722 , 33.470279230293876 , 92
38 , 75.62322396377074 , 33.78943544820874 , 110
39 , -152.43048323716894 , 2.2730405884346796 , 21
40 , -147.02526762898992 , 4.892071463807731 , 40
41 , 46.03901334179217 , 33.36006928421641 , 93
42 , -166.73162171578727 , 2.9261175133874713 , 24
43 , -142.73838375636296 , 2.8963591648545117 , 18
44 , -129.67055712113802 , 2.5483568359114668 , 17
45 , -26.70914661663016 , 41.78582329996535 , 45
46 , -132.1883444756249 , 2.358612693242446 , 16
47 , -0.8519077355072804 , 37.13694502060316 , 50
48 , -52.200745816194456 , 40.27251472356451 , 78
49 , -105.3527119702289 , 5.85177533974722 , 87
50 , -145.86255612087578 , 3.4219476077318634 , 21
51 , 11.81012623873529 , 35.25616765244409 , 76
52 , -138.72404136609947 , 2.641093315543559 , 18
53 , -96.58181362800123 , 6.027588087592928 , 83
54 , -130.5162557596941 , 4.516763173905222 , 52
55 , 24.239959898979333 , 32.64845794091205 , 61
56 , -147.88619884246438 , 2.2101543935820307 , 20
57 , -14.995372827320722 , 41.19736705979268 , 43
58 , -158.85232763202725 , 1.8455918317921864 , 35
59 , -37.40411919130389 , 11.396706173320764 , 162
60 , -134.3779986719301 , 2.50679912969464 , 50
61 , -122.75233763598526 , 3.613679789929089 , 65
62 , -125.74050888502858 , 0.5195066790566498 , 17
63 , -14.981760251647064 , 39.27817385894193 , 42
64 , -129.26037555146087 , 2.8369150988785736 , 60
65 , -140.84633334091762 , 1.6345678925560527 , 25
66 , 55.912061820272065 , 32.02298645805649 , 87
67 , 21.065376728566704 , 31.51100927650772 , 59
68 , -145.3333360591817 , 10.467288401818728 , 52
69 , -133.52402618726603 , 3.8311287584673384 , 30
70 , -126.88261288875351 , 1.601626606943539 , 20
71 , -139.94484025076497 , 7.011486273636002 , 30
72 , -12.479024451999011 , 49.40117046248993 , 46
73 , -19.84051251068575 , 45.35633745556485 , 42
74 , -140.75507998715477 , 7.161912335875276 , 38
75 , -147.6230377638843 , 8.728196481316472 , 34
76 , -138.8873641130028 , 6.32732073288084 , 40
77 , 19.14573260575152 , 34.248815991220546 , 58
78 , -147.71705929633106 , 10.20999654850621 , 50
79 , -108.30379889182323 , 9.920812158466005 , 89
80 , -135.3596095320657 , 3.751940456162866 , 22
81 , -109.69598495701364 , 0.5426917190034449 , 15
82 , 109.37444210277913 , 46.69919303362174 , 153
83 , -149.41487118312313 , 4.9277849107329805 , 34
84 , -139.78154247280384 , 7.954727001430123 , 52
85 , -134.4801381405489 , 3.8818130060701406 , 26
86 , 57.95980016255823 , 29.947575603800306 , 85
87 , -29.03347382028775 , 51.66383842052809 , 43
88 , -130.1118154577359 , 12.625786001645098 , 75
89 , -144.29094416983403 , 5.546557812211585 , 34
90 , 65.39746050774085 , 27.762893894216067 , 90
91 , -50.59285389136911 , 74.83152761157012 , 97
92 , -137.1243529857044 , 4.082251209635808 , 26
93 , 19.95018213533228 , 29.970781137771926 , 57
94 , -113.9119895799446 , 1.7234231734520773 , 18
95 , -136.46590499502494 , 3.907047957372082 , 24
96 , -105.32635630254644 , 1.1412997998916707 , 16
97 , -105.35456020586889 , 1.179517459260566 , 17
98 , -124.93588747807807 , 3.1171412747773988 , 23
99 , -105.17937010008477 , 1.8178696764669713 , 17
100 , -137.50862282436722 , 5.285921901372207 , 37
101 , -135.28432291758116 , 3.197625107224581 , 26
102 , 75.3707548918326 , 33.44105652736988 , 105
103 , 60.74149370052427 , 32.417266251315496 , 90
104 , 33.810348674219554 , 34.119652464269265 , 69
105 , 183.03451119047529 , 36.91459646224395 , 219
106 , -127.70072444478728 , 3.2837002404221587 , 25
107 , -123.72846381326926 , 1.4083221764107465 , 19
108 , 113.86674670797542 , 31.632238717244913 , 140
109 , 25.215485236413436 , 31.368545170853242 , 60
110 , -48.85861371205142 , 55.127420873743375 , 204
111 , 34.043026772968226 , 31.441089335850236 , 68
112 , 33.34817331461259 , 30.503342630470016 , 67
113 , 111.00792017221771 , 31.231654907484 , 137
114 , -148.7992813121352 , 45.263371421126415 , 83
115 , -163.35124725544588 , 44.66658413070423 , 58
116 , -183.30277673521925 , 47.15596981179827 , 58
117 , 286.4555497826902 , 38.91469129398871 , 334
118 , -79.24246942869621 , 49.71502949405201 , 141
119 , 121.19734678977699 , 31.908035165475738 , 149
120 , -122.13761735037396 , 2.6691107332534156 , 22
121 , 189.34055334905554 , 45.28560104994908 , 234
122 , 21.621072743779525 , 37.1177149887456 , 62
123 , 34.7340858100149 , 39.376689797947364 , 97
124 , 168.2515851387661 , 27.364529081493917 , 195
125 , 23.423824321676577 , 38.008002905134546 , 66
126 , 14.90198287144187 , 34.20287092771764 , 56
127 , 62.09690211063352 , 27.150297387278034 , 89
128 , -197.91168763323955 , 78.6863712237856 , 37
129 , 47.451173566182455 , 27.435371754342317 , 76
130 , 112.91264417487773 , 32.79374801353411 , 147
131 , 265.2753601007408 , 54.14418827210749 , 324
132 , 119.20947243012272 , 42.4800350538754 , 166
133 , 20.599146169148625 , 29.092637539759387 , 57
134 , -3.353546416913148 , 37.935571579088155 , 47
135 , 83.8409217941102 , 27.792209792004954 , 108
136 , 133.96818171137815 , 29.077421053335012 , 162
137 , 96.27702937520047 , 29.539417021447687 , 127
138 , -1.977122046225814 , 38.291199487258446 , 50
139 , -27.926069221431135 , 53.8050791342609 , 44
140 , 24.815351284625468 , 32.2955295102977 , 62
141 , 33.2074499151614 , 29.324201874153307 , 69
142 , 54.611174085294685 , 30.437632211217405 , 84
143 , 132.9744254170585 , 34.91637462220964 , 169
144 , 64.37435062371289 , 28.614678310943358 , 90
145 , 119.6484068312081 , 31.946815195028776 , 147
146 , -2.0178367055192385 , 42.61709543530755 , 48
147 , 30.827908165722917 , 30.26125208266575 , 65
148 , 48.84154429558458 , 29.79540210052335 , 79
149 , -15.610456755757061 , 45.30310112285269 , 43
150 , 62.347136856895744 , 31.89017261726499 , 91
151 , 196.52581662643647 , 46.48106624085262 , 246
152 , 94.9414208588065 , 30.886681918489845 , 120
153 , 91.3149157620193 , 29.324248502583 , 118
154 , 111.53427456371216 , 32.265150931574375 , 140
155 , 27.852992787073177 , 33.278530536030416 , 63
156 , 100.5827346788409 , 26.996710092236484 , 125
157 , -105.41743121932734 , 142.06184795778432 , 130
158 , 23.20443439688062 , 34.968149665042866 , 63
159 , -119.22630051644845 , 24.118600282975887 , 90
160 , 0.30137379894173844 , 31.826329447975972 , 69
161 , 152.86495385080696 , 32.87596021006268 , 188
162 , 147.35936860193544 , 36.42178359303041 , 186
163 , 138.69919655981022 , 28.0644701945007 , 170
164 , 143.72102378566865 , 29.92095885993356 , 178
165 , 23.930054607872773 , 34.26269769563784 , 65
166 , 9.145036533204664 , 36.34376686583446 , 54
167 , 57.4864149813512 , 28.94880322834261 , 84
168 , 193.99511508197446 , 29.38773594248841 , 221
169 , 39.34178797242185 , 33.374240726911914 , 71
170 , 9.298300034597426 , 36.403481351719904 , 54
171 , 184.8238030418952 , 34.483509555226895 , 217
172 , -162.57540509739482 , 38.91716205400776 , 83
173 , 81.29077016212618 , 31.454425108984946 , 125
174 , 48.31751254673485 , 37.21163017104772 , 114
175 , 7.120525367302056 , 39.48329172334724 , 54
176 , 66.67485595063468 , 40.73530320616196 , 119
177 , 1.9467259926799918 , 45.076248875064806 , 48
178 , 236.3414513156562 , 41.328981731255844 , 278
179 , 258.02237929352583 , 46.854444533448806 , 305
180 , 43.87763653914914 , 43.485247523816035 , 97
181 , 259.9754569416764 , 50.735436045349935 , 310
182 , -16.69480333308051 , 55.04078038045223 , 43
183 , 160.50129039733056 , 35.12888843625475 , 199
184 , 96.29222063671483 , 27.08182621774332 , 121
185 , 38.51240068764847 , 27.935217572078447 , 67
186 , 86.74629201590659 , 29.993361500025905 , 114
187 , 95.92513449633299 , 26.599609231599107 , 126
188 , 236.13890574246642 , 49.31288693868858 , 287
189 , 25.553046445339966 , 35.3878617633965 , 63
190 , -10.720026650878168 , 45.72875524093836 , 43
191 , 44.3389241135243 , 26.990660159312963 , 73
192 , 74.14828759838467 , 23.640143846596352 , 96
193 , -21.030211665584115 , 52.19444247752903 , 42
194 , 79.75456767787834 , 26.23200574580541 , 103
195 , 67.84126562155623 , 28.30271372307384 , 93
196 , 194.51678778341042 , 41.16652121197658 , 236
197 , 166.00442554413678 , 38.55647679254588 , 208
198 , 206.1779296441486 , 28.66469856776745 , 235
199 , 151.97571999747785 , 34.58351979400688 , 190
200 , 171.98580971104417 , 39.15262963358343 , 215
201 , 94.20838363228316 , 26.983122125867542 , 121
202 , 24.42330418538751 , 41.17764853262887 , 66
203 , 6.233343489630808 , 42.58503717658686 , 52
204 , 46.14395675679132 , 38.09176777766903 , 82
205 , 175.89275961298804 , 35.96624947272744 , 216
206 , 112.90939040150971 , 26.012419984961348 , 136
207 , 91.74311861933283 , 26.369821011680727 , 116
208 , 90.6994533704765 , 24.474642123630296 , 113
209 , 54.538555621387324 , 34.825065996751356 , 87
210 , 83.83711920966937 , 37.797745534746056 , 117
211 , 79.50634971218662 , 28.269558879926272 , 105
212 , 396.17068510522074 , 41.756973510544306 , 439
213 , 93.11937281279647 , 29.325927375034027 , 119
214 , 114.42540667746434 , 29.557184948518053 , 143
215 , 96.57811861426708 , 31.46262617870849 , 124
216 , 2.16483241988622 , 41.81612816402635 , 54
217 , 108.16746943370211 , 27.22029214019256 , 132
218 , 182.2617078421041 , 29.436356201968486 , 211
219 , 134.21422904628247 , 29.2530935739791 , 161
220 , 150.18146970603647 , 33.348782179452115 , 181
221 , 69.09382795208874 , 31.2935410866163 , 104
222 , 389.70722099175174 , 62.57381507127839 , 461
223 , 140.46218712240128 , 26.020337182244 , 167
224 , 220.47349556268622 , 29.57231975033178 , 250
225 , 108.40744900444834 , 28.370980752030775 , 135
226 , 127.56922316709677 , 26.716285179343096 , 152
227 , 664.7759738424141 , 44.16446113860177 , 724
228 , 240.0304744218503 , 29.798683859752632 , 273
229 , 892.9755975400307 , 62.02071804124725 , 1000
230 , 43.17231060436888 , 29.644703447280065 , 75
231 , 861.8201462278779 , 123.58498659426469 , 1000
232 , 850.3028075740253 , 139.52159203825718 , 1000
233 , 40.15859628518123 , 29.83366812215952 , 72
234 , 66.26537157148148 , 27.790252698292516 , 94
235 , 861.3383237398282 , 117.28107371569408 , 1000
236 , 115.48450903427094 , 30.407986238401755 , 147
237 , 720.0500699304298 , 91.5142314066656 , 827
238 , 810.7919228910629 , 164.48420096591468 , 1000
239 , 434.7401300732443 , 74.91470047436017 , 516
240 , 302.82939758805855 , 33.38753154372774 , 343
241 , 825.7237009630564 , 156.85210048977788 , 1000
242 , 21.692209808659943 , 33.95606766760589 , 58
243 , 257.74316250336864 , 64.64848531517765 , 323
244 , -1.546404965061777 , 40.872233329354245 , 46
245 , 68.62807468228664 , 28.056239041269063 , 96
246 , 68.40396766054424 , 31.77020173090496 , 97
247 , 884.0076849866754 , 82.01546982152465 , 1000
248 , 8.38975914345854 , 42.225408059662094 , 57
249 , 173.7692058071867 , 30.884791188493384 , 203
250 , 876.076273629915 , 116.03879960610429 , 1000
251 , 184.75417390166 , 30.76084462249239 , 215
252 , 883.7679931185095 , 110.73654304288559 , 1000
253 , 866.2933117716539 , 131.36311467381543 , 1000
254 , 894.242933796656 , 84.32606738334078 , 1000
255 , 885.1923413908875 , 103.47744313562696 , 1000
256 , 902.720242484572 , 88.14659428615569 , 1000
257 , 909.5095891204468 , 75.95426714910302 , 1000
258 , -7.539515855160947 , 36.02191269380207 , 50
259 , 311.2981008004331 , 31.883200662287532 , 347
260 , 83.03985122813366 , 31.03573266853251 , 112
261 , 229.98760837125812 , 30.38867084777512 , 259
262 , 444.03659279271443 , 36.12800209911721 , 486
263 , 875.1652036623013 , 118.33125617467383 , 1000
264 , 913.5984796635373 , 58.49092252884767 , 1000
265 , 912.8389087804725 , 56.26310444495584 , 1000
266 , 894.090044232017 , 95.54615273670244 , 1000
267 , 906.9394554502414 , 57.71489985557041 , 1000
268 , 18.029625476946986 , 36.20309749728686 , 57
269 , 934.7397282546023 , 37.01012954456851 , 1000
270 , 4.7444017803240826 , 39.44099517436857 , 48
271 , 33.77948939470694 , 31.805979727132048 , 68
272 , 899.6044356206863 , 75.7463827596054 , 1000
273 , 59.64272109485 , 32.535171551198765 , 89
274 , 933.9519752798765 , 50.35635592788604 , 1000
275 , 913.4584054457224 , 70.86520794243569 , 1000
276 , 859.876644517975 , 126.41980761292218 , 1000
277 , 346.06142617825486 , 36.1067294369074 , 382
278 , 890.8546749763428 , 99.64279880723863 , 1000
279 , 56.8598819263763 , 30.50384593358148 , 87
280 , 915.292193604631 , 67.04243576274602 , 1000
281 , 141.09773521954594 , 26.730588489760777 , 166
282 , 301.8889873773612 , 30.31765793050541 , 332
283 , 97.94631008541094 , 27.802778745735825 , 123
284 , 49.26165681805368 , 32.41794616932729 , 81
285 , -2.0032836976723982 , 32.992697235404975 , 66
286 , 937.2665031743528 , 39.8413981106885 , 1000
287 , 933.3958224737864 , 40.01035881592577 , 1000
288 , 465.03930982989976 , 34.34869888403755 , 507
289 , -0.18873172242306346 , 38.61597112588526 , 46
290 , 921.3761604813811 , 65.9545149382825 , 1000
291 , -19.438576971714813 , 43.471159921228704 , 42
292 , 364.65740022128824 , 31.962253276958673 , 398
293 , 927.2697432726925 , 51.87676847296894 , 1000
294 , 948.3562269983538 , 28.62357734006027 , 1000
295 , 35.9876333400402 , 33.08402360349733 , 70
296 , 631.2418379634554 , 37.421301586740135 , 683
297 , 909.0274488949254 , 58.41218858481316 , 1000
298 , 90.88861726875562 , 37.57881035845995 , 126
299 , -18.236527965270163 , 52.215257208158455 , 41
300 , 387.54532427339046 , 39.39856451668377 , 432
301 , 271.83333104248953 , 29.59262819913821 , 302
302 , 248.14767967938707 , 32.977599037435276 , 284
303 , 65.57340742540804 , 37.0845404360582 , 100
304 , 940.1188398227014 , 32.45618909688375 , 1000
305 , 74.3657678691295 , 32.38112679950909 , 105
306 , 448.3146843156501 , 38.201984984432876 , 495
307 , 16.22293212405538 , 36.29500436669428 , 57
308 , 932.7564817045544 , 40.6431370830466 , 1000
309 , 359.36339995201126 , 33.74492673657739 , 396
310 , 415.19406284248237 , 37.132139560980875 , 462
311 , 928.8732068334351 , 43.38563506328313 , 1000
312 , 947.5754628017531 , 26.532290168922046 , 1000
313 , 915.9294979673804 , 56.746324619200045 , 1000
314 , 920.4355881644282 , 58.21593919583771 , 1000
315 , 937.3562133865514 , 34.66217403212803 , 1000
316 , 524.4427748538214 , 69.68691220354046 , 611
317 , 947.3011731743544 , 28.155046115977495 , 1000
318 , 941.2704517562347 , 32.16809276640116 , 1000
319 , 60.51861468860701 , 40.088687325180224 , 97
320 , 939.8035432477143 , 34.962361710646654 , 1000
321 , 693.1017986253892 , 31.737057808506776 , 736
322 , 703.1642077119174 , 44.82261456820867 , 771
323 , 943.2997379664697 , 32.09463978806174 , 1000
324 , 940.030262575281 , 31.757111537151737 , 1000
325 , -5.846054558436888 , 45.61299512150146 , 49
326 , -12.779982255363706 , 45.75288701035185 , 44
327 , 942.7537967740219 , 29.390919323842283 , 1000
328 , 175.3501332694444 , 29.19562633673757 , 204
329 , 913.5830001337846 , 50.789265228442474 , 1000
330 , 945.1778389985416 , 32.40306378607461 , 1000
331 , -9.99859262399055 , 40.65134510933878 , 44
332 , -13.2498323029432 , 39.68472689618282 , 48
333 , 138.2371978593429 , 109.29057470338992 , 255
334 , -10.710808800592641 , 44.400955425089364 , 42
335 , 939.8077997169206 , 34.652709103881016 , 1000
336 , 927.4759047848198 , 43.353071372644266 , 1000
337 , 627.0048951557958 , 33.035783571571386 , 673
338 , 920.2735245130367 , 46.61088820525015 , 1000
339 , 936.6928829918925 , 36.97348305949569 , 1000
340 , 903.3781525289439 , 58.19478267852012 , 1000
341 , 937.4733401158037 , 39.65944589003414 , 1000
342 , 916.2474295729556 , 64.57313062319014 , 1000
343 , 68.68384878049656 , 37.4080214341743 , 102
344 , 930.4485058938111 , 44.251744997828894 , 1000
345 , 925.2913585184832 , 53.23611850959157 , 1000
346 , 542.9723835826649 , 36.76759170166056 , 597
347 , 929.5378384162628 , 48.770479697572014 , 1000
348 , 910.1804070232548 , 55.61354908347168 , 1000
349 , 75.88800929604726 , 35.218193938918695 , 113
350 , 913.6300263249583 , 51.805435766641224 , 1000
351 , 221.4853098592433 , 32.25255987785024 , 256
352 , 926.6362549558626 , 41.43298318890437 , 1000
353 , 929.1820350109563 , 44.05513135406965 , 1000
354 , 942.7795316790302 , 35.22423556827845 , 1000
355 , 936.5850865607395 , 43.69402886225434 , 1000
356 , 270.90643081720543 , 33.92747770041663 , 310
357 , 928.4827118879768 , 48.01988560891609 , 1000
358 , 933.8887136020605 , 42.12811778205429 , 1000
359 , 934.0266659909786 , 41.67210283904941 , 1000
360 , 931.8323248622091 , 42.74953137207549 , 1000
361 , 940.6925558021564 , 40.774676694110255 , 1000
362 , 915.7151115630576 , 56.88505172389693 , 1000
363 , 401.8107848554998 , 31.537610970491624 , 440
364 , 943.4397219967266 , 32.03332549140249 , 1000
365 , 939.1965980224386 , 39.410022218646674 , 1000
366 , 12.096385267195302 , 42.44210944627814 , 54
367 , 916.3405996266189 , 61.70203309614387 , 1000
368 , 944.932300067107 , 32.09130806924655 , 1000
369 , 945.0778288312252 , 31.573801645508972 , 1000
370 , 947.5829406148301 , 31.080309660144852 , 1000
371 , 92.71464776747577 , 35.11945446816961 , 129
372 , 906.218297761781 , 58.179216686537195 , 1000
373 , 27.669036544609334 , 36.26049077845407 , 67
374 , 30.17800346116403 , 38.289231496189615 , 65
375 , 943.4511834607455 , 35.67586711576573 , 1000
376 , 944.4766390173639 , 35.278010837782844 , 1000
377 , 955.7342039001904 , 16.92714891540169 , 1000
378 , 8.429026599134973 , 43.03225407350797 , 53
379 , 950.2507307854735 , 23.86232063185014 , 1000
380 , 938.567612481697 , 37.865635555726506 , 1000
381 , 922.8199834400874 , 50.920530064063996 , 1000
382 , 924.7606793511621 , 47.9669534874265 , 1000
383 , 939.3927048743159 , 38.1319504741804 , 1000
384 , 936.3584856772578 , 37.03837018643515 , 1000
385 , 931.9297507839722 , 44.854261675749854 , 1000
386 , -4.804884650168141 , 54.26452065719039 , 49
387 , 923.074564906576 , 54.68807568502018 , 1000
388 , 921.645682333619 , 57.34683202587986 , 1000
389 , 948.7937020060292 , 22.800349025718923 , 1000
390 , 946.3376132171953 , 25.06559203161417 , 1000
391 , 951.1533901047974 , 25.237192708396996 , 1000
392 , 10.92544953233616 , 42.68601173009747 , 53
393 , 19.480734573010338 , 45.60225453447295 , 64
394 , 928.2103346401418 , 37.670882150020475 , 1000
395 , 951.7078583064979 , 23.733319044834175 , 1000
396 , 935.5483891860495 , 31.658208971526907 , 1000
397 , 934.78937575217 , 39.82486718827396 , 1000
398 , 531.2813592598932 , 32.48106979689055 , 582
399 , 933.7620935987121 , 31.934618518505662 , 1000
400 , 942.8709281109695 , 29.708195301390802 , 1000
401 , 941.1120362542962 , 35.54495929205559 , 1000
402 , 65.68707369068665 , 35.19460848653219 , 105
403 , 951.1030295132863 , 22.097314230413147 , 1000
404 , 947.7049938223347 , 29.229961978139066 , 1000
405 , 954.641809973691 , 20.17020486638279 , 1000
406 , 915.5219585943682 , 55.38130799542637 , 1000
407 , 951.9736921078346 , 22.583691201964868 , 1000
408 , 954.5477462945361 , 22.68527155447049 , 1000
409 , 935.9189377650379 , 43.130115695126705 , 1000
410 , 944.0619971356617 , 32.67988609803783 , 1000
411 , 951.3281574793131 , 25.88603141615957 , 1000
412 , 953.337954678953 , 27.85941126737321 , 1000
413 , 941.2441823394869 , 35.38672122330065 , 1000
414 , 932.8142466140898 , 43.099041475568924 , 1000
415 , 945.7501184522876 , 28.76655248675483 , 1000
416 , 951.8059400962367 , 25.449117698497776 , 1000
417 , 947.7122891592618 , 26.67208681473311 , 1000
418 , 953.2424017324423 , 21.807121506626636 , 1000
419 , 934.9920216629951 , 42.23817748826361 , 1000
420 , 937.6274805786987 , 39.58268949604752 , 1000
421 , 942.190384227148 , 30.06066065198808 , 1000
422 , 949.9287399463452 , 23.05305628911379 , 1000
423 , 56.67240987923226 , 37.62181213649896 , 92
424 , 101.65944799569195 , 29.509087122846342 , 137
425 , 950.803903425807 , 27.931251352857345 , 1000
426 , 941.9726278762216 , 30.563857931821797 , 1000
427 , 943.2348342537176 , 32.9207356609582 , 1000
428 , 958.2312865834884 , 18.27115946511188 , 1000
429 , 924.6676068806888 , 47.67466963912124 , 1000
430 , 942.9464596910415 , 34.13926799499782 , 1000
431 , 947.9709260344584 , 24.24051571802499 , 1000
432 , 948.8420448212337 , 29.075067792256533 , 1000
433 , 947.1339227162057 , 26.63220796425282 , 1000
434 , 950.2060506859171 , 24.23997867914611 , 1000
435 , 4.372484829295849 , 40.49245352390603 , 48
436 , 42.97401783586221 , 40.08218868069394 , 81
437 , 945.6924193054776 , 28.376335858176038 , 1000
438 , 943.7460719200097 , 31.98462799224628 , 1000
439 , 395.4809394459937 , 33.41667537764629 , 441
440 , 945.7066041248154 , 27.772100965265423 , 1000
441 , 947.4863820781038 , 30.43944688647801 , 1000
442 , 951.1067150296066 , 25.204011329434515 , 1000
443 , 948.8779833990767 , 26.65868449089989 , 1000
444 , 937.2706240195224 , 39.42741068886598 , 1000
445 , 910.3816809022071 , 61.83627422050842 , 1000
446 , 938.981321818896 , 36.94030412058683 , 1000
447 , 948.7567961284044 , 29.387355904481677 , 1000
448 , 1.010291727922384 , 44.66944589711263 , 47
449 , 954.950732460057 , 23.26807914436596 , 1000
450 , 922.4734883479572 , 51.28711553244385 , 1000
451 , 943.2303788647284 , 36.014691017195105 , 1000
452 , -0.2790368294422012 , 44.408403252029615 , 47
453 , 936.9310344015304 , 32.004933171715514 , 1000
454 , 943.7758704524813 , 30.624013027825715 , 1000
455 , 938.5602184729669 , 35.4460150654534 , 1000
456 , 933.2972990321188 , 41.6412508405918 , 1000
457 , 947.2571887418076 , 27.656034374114345 , 1000
458 , 950.2813881642852 , 25.8865681857436 , 1000
459 , 946.9850575931856 , 28.155959917714448 , 1000
460 , 934.3497251805597 , 33.220735243305036 , 1000
461 , 938.1105661696213 , 39.24135581811761 , 1000
462 , 36.56425554719074 , 36.168504549111375 , 70
463 , 766.5475795866015 , 30.2496319968135 , 812
464 , 156.78264146035895 , 38.9105134303396 , 199
465 , 937.3675307335217 , 32.53196519228325 , 1000
466 , 5.146237941063564 , 47.90184953170911 , 51
467 , 950.8058927625535 , 26.80881890785381 , 1000
468 , 951.2432288477952 , 20.01429386395099 , 1000
469 , 936.0895868623712 , 36.42449678120671 , 1000
470 , 936.58639222295 , 31.112490947780405 , 1000
471 , 899.1171232233957 , 84.40306232481966 , 1000
472 , 948.0488647303983 , 26.808426699294635 , 1000
473 , 942.9998785354956 , 34.25811311446095 , 1000
474 , 732.9978730745628 , 40.931590552161644 , 790
475 , 948.6849649308253 , 27.377403904478072 , 1000
476 , 623.8927790892507 , 29.479014514709096 , 664
477 , -24.410029235916525 , 48.70924355693361 , 46
478 , 946.1731972088479 , 27.618672013219765 , 1000
479 , 897.4185682019805 , 87.8450105129653 , 1000
480 , 938.2073531403205 , 34.74479248191481 , 1000
481 , -9.968253768827655 , 44.54345010088939 , 44
482 , 955.2085361995241 , 21.057342151491568 , 1000
483 , 193.9477073927982 , 27.100397089245227 , 229
484 , 935.6743509919911 , 37.433012533610366 , 1000
485 , 949.7966145442682 , 27.74919402515055 , 1000
486 , 953.7573053804357 , 19.670119521018727 , 1000
487 , -29.596149107878166 , 38.56316678221829 , 48
488 , 942.4067044293437 , 28.66259682373197 , 1000
489 , 927.8484848148584 , 45.43558435935551 , 1000
490 , 939.2913298723595 , 35.71761173074766 , 1000
491 , 9.963999277471151 , 40.52803420043848 , 53
492 , 944.7660447097395 , 28.37686016294869 , 1000
493 , 949.4423427083797 , 26.74668642251768 , 1000
494 , 949.4557356210886 , 24.771324158004358 , 1000
495 , 916.4989991339511 , 66.2542468202564 , 1000
496 , 952.2838050209205 , 22.883779077620755 , 1000
497 , 934.8459993978561 , 39.40665969075864 , 1000
498 , 953.8100695437182 , 19.248157397024087 , 1000
499 , 952.8931580021065 , 20.99364437492633 , 1000
500 , 899.7618232455046 , 76.12825068589315 , 1000
501 , 950.985926198036 , 25.21725339068995 , 1000
502 , 38.76801829699637 , 37.41410675412735 , 74
503 , 943.7245247057187 , 29.563466401340445 , 1000
504 , 934.6373959240743 , 40.14557070482951 , 1000
505 , 946.7228409220672 , 27.769347086195374 , 1000
506 , 931.5261144424936 , 45.22493808932387 , 1000
507 , 951.9371874552962 , 21.740971237933053 , 1000
508 , 938.7942348735032 , 35.138727097513254 , 1000
509 , 947.7840198549617 , 25.345696001689497 , 1000
510 , 930.5823967427948 , 41.63610677511529 , 1000
511 , 936.839621013743 , 38.75236520490773 , 1000
512 , 690.0994066969557 , 34.125703398889044 , 741
513 , 957.71973393032 , 16.933581026125566 , 1000
514 , 929.094555641972 , 40.337805091371735 , 1000
515 , 939.1101825097126 , 32.93025594042105 , 1000
516 , 954.722676811661 , 17.739539635482412 , 1000
517 , 919.1626351825704 , 51.82600648910559 , 1000
518 , 943.4848885668008 , 31.50252390931435 , 1000
519 , 953.4164531507226 , 20.758313437791642 , 1000
520 , 0.08747285476399336 , 39.72643377929509 , 46
521 , 950.3878945653706 , 23.99129526807543 , 1000
522 , 925.9828027227555 , 44.60106440406327 , 1000
523 , 934.0956315148023 , 39.65536705465894 , 1000
524 , 7.6760658162177435 , 34.11987511725147 , 51
525 , 194.18319932682232 , 30.497952949282247 , 227
526 , 955.0914340226008 , 18.965649391620932 , 1000
527 , 946.5345806598613 , 30.26859800144689 , 1000
528 , 121.6925690927907 , 35.85680542133879 , 160
529 , 950.2211486498735 , 24.534296802852115 , 1000
530 , 956.1421409366748 , 17.290249986218555 , 1000
531 , 952.9994930081538 , 20.59946494747251 , 1000
532 , 954.6337266436458 , 20.183301301212857 , 1000
533 , 926.9171104900093 , 40.972023717277274 , 1000
534 , 952.3888388656974 , 24.22766683642848 , 1000
535 , 954.8553371438551 , 19.054957495433342 , 1000
536 , 917.3609693041814 , 56.7745339513351 , 1000
537 , 955.4958743532098 , 19.13558236991994 , 1000
538 , 924.2925219028431 , 48.372135432718565 , 1000
539 , 427.5193984710489 , 30.399423930538507 , 463
540 , 953.6713348769783 , 18.08888634777775 , 1000
541 , 953.5349469046902 , 18.761879344485283 , 1000
542 , 897.4341715695901 , 70.11711389752152 , 1000
543 , 903.860261579912 , 65.93095245683297 , 1000
544 , 931.4089544117209 , 43.2479265038488 , 1000
545 , 922.6514845773529 , 56.91346778629555 , 1000
546 , 944.5487972799522 , 32.8655654047523 , 1000
547 , 949.18696050226 , 26.757696411655846 , 1000
548 , 934.670829833262 , 38.238988699091976 , 1000
549 , 926.3080309367298 , 47.951229583323595 , 1000
550 , 954.5506263688814 , 18.105604664008524 , 1000
551 , 948.2935165825792 , 26.642400774939645 , 1000
552 , 11.129072429788941 , 47.616142710505535 , 58
553 , 944.6162625042138 , 31.56704031160704 , 1000
554 , 44.27430330632027 , 42.97535116167586 , 85
555 , 950.8553221646703 , 29.69080219843523 , 1000
556 , 938.6391287346903 , 30.929621086809178 , 1000
557 , 941.0467027900355 , 31.451804012349037 , 1000
558 , 949.1616691913783 , 20.911762134750763 , 1000
559 , 946.7942911610618 , 28.592325486324686 , 1000
560 , 953.6899111865068 , 24.54284079306765 , 1000
561 , 909.1529228341435 , 70.40153819113767 , 1000
562 , 919.4503949385834 , 54.22703630814198 , 1000
563 , 943.8009918874624 , 33.42225733235667 , 1000
564 , 439.2008845171619 , 30.708755992308657 , 477
565 , 951.7838582207025 , 20.934168123857816 , 1000
566 , 947.6817208827833 , 26.13129000939994 , 1000
567 , 945.5368506467667 , 26.18001779584614 , 1000
568 , 947.6087451832014 , 29.371034012574793 , 1000
569 , -22.339527617405054 , 57.78561791316463 , 45
570 , 933.2467117030874 , 38.91030250896278 , 1000
571 , 943.4714912467657 , 31.063045526159087 , 1000
572 , 954.7452023636928 , 20.446361832398413 , 1000
573 , 943.1771503369004 , 27.911817874651792 , 1000
574 , 934.8615693300457 , 40.291023626736035 , 1000
575 , 947.8900023188609 , 23.115371878842673 , 1000
576 , 953.7073722290039 , 22.696963969242333 , 1000
577 , 922.1726505002554 , 60.464044878752595 , 1000
578 , 16.068876031456924 , 37.486742042357804 , 56
579 , -15.172834262106822 , 49.02236551758779 , 42
580 , 937.864665763025 , 41.4117819099916 , 1000
581 , 935.2452459784035 , 36.87799872294423 , 1000
582 , 943.5500135273123 , 35.186363092397016 , 1000
583 , 914.378742252429 , 55.71952486005818 , 1000
584 , 941.7319857468755 , 32.9687105641967 , 1000
585 , 949.0326656552046 , 24.196506514296914 , 1000
586 , 949.0984507832334 , 23.603284141682913 , 1000
587 , -15.437752882182403 , 41.96993749710979 , 43
588 , 948.5829629664977 , 24.8708116156845 , 1000
589 , 946.9398034489224 , 32.739750525920314 , 1000
590 , 940.4694882568033 , 28.010409891529708 , 1000
591 , 920.6405280124104 , 41.26205408453088 , 1000
592 , 923.3127885029371 , 49.51643733202797 , 1000
593 , 939.5069865050269 , 34.6179239277981 , 1000
594 , 563.6604604312339 , 31.10847781064912 , 603
595 , 23.455770525282375 , 46.10868724036043 , 69
596 , 942.2083470129669 , 28.93757309282321 , 1000
597 , 948.0428467957339 , 28.22172780720804 , 1000
598 , 948.5115408663892 , 30.510876896783707 , 1000
599 , 3.828122296644939 , 51.77667889084619 , 55
600 , -11.618656328223313 , 48.503978407329996 , 42
601 , 915.5998102379419 , 54.24627362016604 , 1000
602 , 951.7233805488837 , 26.63607696151021 , 1000
603 , 948.1451313310835 , 26.59981202101894 , 1000
604 , 943.915556643506 , 27.914499919344063 , 1000
605 , 916.2563287487372 , 65.32446845204238 , 1000
606 , 948.740343725523 , 25.757514124972445 , 1000
607 , 35.35325231011271 , 41.42199604952348 , 76
608 , 947.8082901564344 , 29.63025510606374 , 1000
609 , -30.569769639827868 , 61.65234126070938 , 46
610 , 938.613933354032 , 37.111580363533214 , 1000
611 , 924.0701252891636 , 48.5283190196311 , 1000
612 , 953.7083662108275 , 22.194985793826387 , 1000
613 , 927.8814097652315 , 50.40004991951175 , 1000
614 , 916.388818013486 , 57.638319952039325 , 1000
615 , 951.2695823110652 , 20.540096371867794 , 1000
616 , 935.0647348591338 , 37.164125090538036 , 1000
617 , 954.9739324926371 , 20.177852201308447 , 1000
618 , 939.2712087529934 , 33.9431176493301 , 1000
619 , 951.7267966014185 , 24.675892503713456 , 1000
620 , 926.0142528791288 , 52.33915215636485 , 1000
621 , -174.26884140079585 , 50.30473559240847 , 44
622 , 925.8448457243678 , 41.772893899749306 , 1000
623 , 921.836630133184 , 47.073021111426996 , 1000
624 , 27.122792286538907 , 42.62987819716809 , 72
625 , 949.3556862038188 , 23.25225066390776 , 1000
626 , 945.9552030920207 , 28.5346944670369 , 1000
627 , -4.274450893127431 , 39.803512641559536 , 44
628 , 952.9503678111682 , 21.67611945176121 , 1000
629 , 939.3299533978616 , 33.224094065114194 , 1000
630 , 936.8884343373604 , 36.27037693310064 , 1000
631 , 934.5385553766231 , 35.93503674750035 , 1000
632 , 1.4288633443901135 , 40.26874800282896 , 46
633 , 13.356067465496627 , 39.97935771691545 , 53
634 , 4.662066283729146 , 40.40910617773402 , 47
635 , 938.7795260832487 , 36.55890077810578 , 1000
636 , 14.895874681895773 , 41.95015897231308 , 56
637 , -17.039388404710255 , 47.18597463926994 , 42
638 , 948.3245700312854 , 24.90756466664635 , 1000
639 , 953.466010530304 , 20.186844911068988 , 1000
640 , 954.3910382872392 , 20.222858936104146 , 1000
641 , -11.562839462752969 , 53.802442428309625 , 50
642 , 17.663076574298216 , 43.32947417099436 , 66
643 , 951.8860428506197 , 20.56526744918012 , 1000
644 , 945.5740806253901 , 30.029328524142723 , 1000
645 , 55.361705118618424 , 47.737865581623225 , 103
646 , 950.0958136496942 , 25.26229232902385 , 1000
647 , 955.877410711191 , 17.91353080594248 , 1000
648 , -10.762417810817075 , 40.31797151844509 , 43
649 , 1.3452304460569056 , 38.32585526665657 , 50
650 , 954.9175521342634 , 18.16039200078345 , 1000
651 , 954.4890227423856 , 19.737978974757322 , 1000
652 , 928.6110550936858 , 47.43315967233226 , 1000
653 , 897.33750578184 , 81.04527579305227 , 1000
654 , 954.2020513456695 , 21.808531605886454 , 1000
655 , 940.3028224657631 , 38.28249519062936 , 1000
656 , 938.0228994491916 , 36.42732834691229 , 1000
657 , 949.260253904575 , 29.22377579853314 , 1000
658 , 947.2873948667155 , 26.76336460410507 , 1000
659 , 956.5735446569099 , 18.04845727968627 , 1000
660 , 958.2221398329802 , 19.860616523329984 , 1000
661 , 954.3677440774989 , 19.62948336877956 , 1000
662 , 940.9701480450454 , 30.160484195982136 , 1000
663 , 938.300040376622 , 33.97374245034381 , 1000
664 , 907.8445266747659 , 61.7465472086501 , 1000
665 , 944.0410936660792 , 31.470129066618018 , 1000
666 , 939.6808662193333 , 32.66053189587251 , 1000
667 , -8.748193634315069 , 48.4509098045676 , 53
668 , 948.5305185818197 , 26.207577730334073 , 1000
669 , 948.6010596432285 , 27.85034541193225 , 1000
670 , 952.9690353883968 , 21.93525489211941 , 1000
671 , 953.1081271118992 , 21.401647946295927 , 1000
672 , 937.340402144199 , 37.93128857740204 , 1000
673 , 944.1336674976898 , 35.01583199086313 , 1000
674 , -6.519284520746276 , 51.87391625035093 , 46
675 , 936.3515838035047 , 38.58890268810254 , 1000
676 , 954.7512559335464 , 20.868676856673723 , 1000
677 , 945.5473279771669 , 29.725935473349093 , 1000
678 , 927.4269133108945 , 45.358636599238125 , 1000
679 , 957.7141262010218 , 17.733346974748994 , 1000
680 , 950.5316595805666 , 23.56665552024322 , 1000
681 , 342.7642881873606 , 33.32897592852012 , 383
682 , 933.8901579312497 , 40.0009477851391 , 1000
683 , 957.5992296577209 , 18.237151538154347 , 1000
684 , 954.1677019986486 , 19.002080707031663 , 1000
685 , 957.0245863732305 , 18.18308378839079 , 1000
686 , 957.1324806189925 , 18.992163983390274 , 1000
687 , 949.6571940440973 , 23.725965899707756 , 1000
688 , 910.4455327775831 , 61.13047517690949 , 1000
689 , 955.4241006412489 , 23.30567648938335 , 1000
690 , 34.58329642824838 , 44.499114699069374 , 78
691 , 3.589711541145353 , 41.2470301587278 , 47
692 , 954.4126734678406 , 18.825325170171766 , 1000
693 , 939.3127057298111 , 34.2196997211783 , 1000
694 , 954.3834912070749 , 22.206221749902475 , 1000
695 , 953.8942096090846 , 19.413538880529384 , 1000
696 , 940.9057387347584 , 32.55900908483404 , 1000
697 , 892.6685524182216 , 87.43617147537489 , 1000
698 , 952.828943242106 , 25.98837400223607 , 1000
699 , 942.7076730386768 , 32.387780809146825 , 1000
700 , 940.7338539339935 , 38.81552770666821 , 1000
701 , 709.4935006660852 , 35.61395562575021 , 762
702 , 919.6140678868578 , 59.105327470117096 , 1000
703 , 954.2074933134966 , 20.808779333622848 , 1000
704 , 950.8528093627706 , 25.66089692420127 , 1000
705 , 929.8793047206508 , 46.57923427080995 , 1000
706 , 938.7840708181087 , 39.632982406972936 , 1000
707 , 954.8058608092346 , 20.07082872254271 , 1000
708 , 948.8089196853354 , 26.36735274974147 , 1000
709 , 946.2598701178838 , 29.908812440483324 , 1000
710 , 939.5720902939671 , 36.43819636051564 , 1000
711 , 959.9354383683965 , 15.356663130293363 , 1000
712 , 943.7812574200318 , 31.253568728614873 , 1000
713 , 954.7947239963868 , 22.933726586997793 , 1000
714 , -9.177829987407755 , 42.11561625044961 , 42
715 , 944.1608088291092 , 30.504118342999107 , 1000
716 , 933.8038871139906 , 44.27483941482742 , 1000
717 , 941.2991528102151 , 35.535036413621185 , 1000
718 , 953.7799164748875 , 16.3844569201192 , 1000
719 , 940.9078315697623 , 35.63115214824271 , 1000
720 , 920.1827314984869 , 48.787566596408205 , 1000
721 , 950.9137349638964 , 22.064734173649228 , 1000
722 , 3.4152664246900164 , 48.191461616908725 , 50
723 , 947.4806012553927 , 24.53985396098431 , 1000
724 , 932.7637005975922 , 40.78551762356619 , 1000
725 , 945.8882315827775 , 32.7533913467317 , 1000
726 , 934.8544019342139 , 31.296804433342686 , 1000
727 , 73.34115717733383 , 44.15921446729578 , 119
728 , 955.0314483146461 , 18.52618903523007 , 1000
729 , 952.0149348175529 , 23.705062299999085 , 1000
730 , 955.339229995446 , 19.70955172284018 , 1000
731 , 950.8318294036751 , 21.253221232024806 , 1000
732 , 956.9907373569516 , 21.5050482039639 , 1000
733 , 900.7840159121847 , 74.20711235386207 , 1000
734 , 940.9402078732115 , 35.30937227996205 , 1000
735 , 27.805890630822965 , 45.33976130418683 , 73
736 , -284.08473107164565 , 92.65145570288331 , 50
737 , 937.9556351551125 , 37.67204690369694 , 1000
738 , 941.9868724839664 , 27.03384996068418 , 1000
739 , 931.1696123503161 , 44.09612050988391 , 1000
740 , -18.4015977783053 , 45.61729937769406 , 43
741 , 950.5065212991033 , 27.052668714152503 , 1000
742 , 957.228045185951 , 15.388366825760057 , 1000
743 , -21.24455186548874 , 59.55657247761908 , 42
744 , 953.480195302326 , 17.539584701037285 , 1000
745 , 957.0022570015884 , 19.53924401968919 , 1000
746 , 901.6589061130167 , 73.79364386191938 , 1000
747 , 955.1492225952438 , 16.122155045716838 , 1000
748 , 954.2515546493956 , 20.401735704176886 , 1000
749 , 946.0099704723862 , 32.128066108102615 , 1000
750 , 944.4828190326963 , 35.32009942531313 , 1000
751 , 938.2707106810782 , 40.16103351653278 , 1000
752 , 941.5902570917236 , 37.386379651941155 , 1000
753 , 941.6469866080807 , 30.61794383302613 , 1000
754 , 955.5421270566497 , 17.81601575286709 , 1000
755 , 943.4038461592817 , 27.065525064245453 , 1000
756 , 952.854818542552 , 20.399672303094682 , 1000
757 , 954.3917755610498 , 16.843797385628445 , 1000
758 , 941.2309094222253 , 31.13644661524723 , 1000
759 , 950.6650336065803 , 25.532795833035767 , 1000
760 , 954.0387342201537 , 20.398680541349545 , 1000
761 , 944.147855028087 , 25.918323485645686 , 1000
762 , 956.9028051336876 , 16.628501641012598 , 1000
763 , -51.32213618720219 , 44.88474319501508 , 45
764 , 953.6091564086041 , 21.761389272704157 , 1000
765 , 946.0451022051609 , 27.147688736845087 , 1000
766 , 922.6921032235575 , 52.14254827625496 , 1000
767 , 944.245847011741 , 31.426768431661447 , 1000
768 , 957.534593307806 , 15.737746028773635 , 1000
769 , 956.411654813772 , 19.51048618540062 , 1000
770 , -7.321814054751054 , 51.14482205732701 , 44
771 , 943.3091788060674 , 34.56302794386163 , 1000
772 , 960.8638020153784 , 15.822325403188934 , 1000
773 , 904.2847733894639 , 66.351154013022 , 1000
774 , 20.71221464410542 , 44.40282163697182 , 65
775 , 954.2305441079259 , 21.555393786131084 , 1000
776 , 943.7369239766101 , 29.20371656651681 , 1000
777 , 910.4358554706615 , 59.9916679646881 , 1000
778 , 944.7709643449152 , 35.362205557499486 , 1000
779 , 953.3369274954653 , 24.02377705895467 , 1000
780 , -13.579327627362478 , 48.29348837081597 , 47
781 , 27.168580629682406 , 49.76403308391112 , 75
782 , 939.185935477511 , 35.559997006747174 , 1000
783 , 954.5220520933048 , 21.22542855369357 , 1000
784 , 913.2913788982696 , 60.24128342988951 , 1000
785 , 952.4716344901407 , 21.048120540107966 , 1000
786 , 952.3391222013362 , 23.725850929047596 , 1000
787 , 954.732086798596 , 18.792248386534162 , 1000
788 , 912.34496283161 , 49.46681414548062 , 1000
789 , 954.9532551702114 , 19.390354288190434 , 1000
790 , 951.7851577646732 , 20.94078882686178 , 1000
791 , 927.4031177047326 , 50.898296520019905 , 1000
792 , 26.571081812453464 , 42.67892794398119 , 70
793 , 942.7380125939758 , 35.48669243064552 , 1000
794 , 952.7704227873319 , 20.37861107477282 , 1000
795 , 946.1979383861795 , 28.143473691158967 , 1000
796 , 944.7265238160653 , 34.36524497993137 , 1000
797 , 948.2420227240743 , 29.36865582238784 , 1000
798 , 952.5504650058062 , 23.50133023788404 , 1000
799 , 934.7594908190184 , 41.43413891566004 , 1000
800 , 936.3887235125333 , 40.64380009607372 , 1000
801 , 954.9283775086599 , 22.452376694675735 , 1000
802 , 948.6380951238949 , 27.439689175986047 , 1000
803 , 949.5683402467782 , 28.416750346548508 , 1000
804 , 942.7336517198023 , 35.996889964605664 , 1000
805 , 950.5356522359291 , 26.190687571940906 , 1000
806 , 957.6564313188211 , 19.914212457011544 , 1000
807 , 909.9834081916887 , 58.83432931367495 , 1000
808 , 959.0445304941233 , 16.81100429814513 , 1000
809 , 940.2703396922775 , 39.34405861715345 , 1000
810 , 945.5448969062559 , 29.056239782555703 , 1000
811 , 21.76117260979851 , 42.54830777422599 , 67
812 , 949.0959215734288 , 33.168709561459615 , 1000
813 , -17.380722252479114 , 62.970916499955614 , 47
814 , 942.6168610049066 , 33.02886603749164 , 1000
815 , 944.4492710587639 , 35.138699164306686 , 1000
816 , 9.540694368799912 , 60.48034726588359 , 73
817 , 7.1700772147389 , 48.560119940963546 , 55
818 , 952.5917051964451 , 21.46006357860599 , 1000
819 , 945.1001215013472 , 33.10329436034378 , 1000
820 , 935.4692452653541 , 41.05620330158911 , 1000
821 , 906.1920764410764 , 66.82006599053042 , 1000
822 , 945.4513605785261 , 34.98546565515439 , 1000
823 , -14.753458247292489 , 40.86685838651633 , 43
824 , 949.7753548324025 , 30.488744305743637 , 1000
825 , 958.6734530575363 , 17.734082799659305 , 1000
826 , 944.3576577200241 , 27.81093223579239 , 1000
827 , 943.3072606559717 , 35.8191096108602 , 1000
828 , 951.2540178393416 , 26.284640223555737 , 1000
829 , 948.9493824121703 , 28.67706886088143 , 1000
830 , 939.5607090931192 , 39.18996223534999 , 1000
831 , -13.973503723111296 , 46.368044394624114 , 42
832 , 946.6735845175091 , 32.62932136217709 , 1000
833 , 953.169814104074 , 22.185217909257556 , 1000
834 , 955.6451870528007 , 21.497357097908946 , 1000
835 , 917.2625313236983 , 57.526680079937364 , 1000
836 , 956.4418898867933 , 21.497584130849365 , 1000
837 , 935.7038511815141 , 39.47969961523998 , 1000
838 , 943.5247903982927 , 34.07458785469525 , 1000
839 , 941.6998173507585 , 33.48258402470483 , 1000
840 , 956.7325774020435 , 21.594321447210685 , 1000
841 , 950.7106064809034 , 18.87049081955294 , 1000
842 , 935.7030527650969 , 38.72042679450988 , 1000
843 , 929.1586172484855 , 45.400677580616964 , 1000
844 , 954.0106801483925 , 24.324092350061967 , 1000
845 , 942.4438783947933 , 32.10263748334293 , 1000
846 , 956.4393974922132 , 15.532347365552551 , 1000
847 , 940.2840891418867 , 36.51698180415117 , 1000
848 , 934.9735114833358 , 42.235548836254026 , 1000
849 , 906.5041274568536 , 70.20818821320339 , 1000
850 , 939.2905307704422 , 34.21249255810255 , 1000
851 , 6.668437784454778 , 41.903176107303665 , 54
852 , 943.771750550479 , 33.28638173718235 , 1000
853 , 932.2345497446473 , 39.003467332358646 , 1000
854 , 953.9663093968126 , 21.323722786201603 , 1000
855 , 953.5386307694987 , 22.271891877947542 , 1000
856 , 948.7517643892495 , 28.371318533543572 , 1000
857 , 928.1824092215435 , 57.876282089494154 , 1000
858 , 940.8736831116064 , 37.086689638779056 , 1000
859 , 945.6086781444135 , 31.947380309464904 , 1000
860 , 914.7918913939042 , 57.17436445933338 , 1000
861 , 944.6963548929446 , 29.9299679243476 , 1000
862 , 945.5945465958646 , 25.59261320727401 , 1000
863 , 927.1698234436194 , 50.911382645170036 , 1000
864 , 953.6588185473437 , 24.283043726378693 , 1000
865 , -10.347230542879974 , 53.07709925413598 , 42
866 , 947.0965029762082 , 26.933788603512347 , 1000
867 , 946.3435637087371 , 29.299491875590753 , 1000
868 , 934.1026917802008 , 43.9715016386989 , 1000
869 , -4.41869681352649 , 65.66199396183976 , 64
870 , 943.1968312050399 , 35.361033718235085 , 1000
871 , 952.2883806906245 , 17.208940219252874 , 1000
872 , 949.09321817942 , 30.071454544648024 , 1000
873 , 949.9947498278827 , 27.40378386383551 , 1000
874 , 942.5765104502711 , 36.26735995175262 , 1000
875 , 938.794084036005 , 34.348691271510546 , 1000
876 , 945.4156200339452 , 33.17464746276432 , 1000
877 , 947.2779333638688 , 31.736675464923017 , 1000
878 , 952.7592597434875 , 16.69834649618643 , 1000
879 , 932.1725619838306 , 44.37752518947945 , 1000
880 , 928.7700175720998 , 48.51056801941922 , 1000
881 , 952.8318962098523 , 17.034153836804826 , 1000
882 , 929.4567211927982 , 48.78107720946918 , 1000
883 , 942.9347390080543 , 32.781073270292694 , 1000
884 , 950.600870115128 , 16.69427043631025 , 1000
885 , 949.938253831423 , 20.053475564377635 , 1000
886 , 327.2134949352445 , 32.6513712396654 , 367
887 , 953.0654144301891 , 18.876828943892953 , 1000
888 , 929.5749859913133 , 44.18152388546948 , 1000
889 , 949.3902950084537 , 30.759996457424887 , 1000
890 , 944.3997320172775 , 32.48286035252967 , 1000
891 , 933.8839865614244 , 40.33800694635679 , 1000
892 , -5.498801025839438 , 35.80162358845676 , 45
893 , 950.5725816592936 , 17.24146390683963 , 1000
894 , 923.5669669646738 , 49.53770633670375 , 1000
895 , 946.8461076176649 , 26.546029666376345 , 1000
896 , 949.8350631890819 , 28.46697905876282 , 1000
897 , 940.1800420848851 , 43.82743298655202 , 1000
898 , 942.562512102882 , 33.201740987158985 , 1000
899 , -2.6562110968826893 , 69.53623274932185 , 67
900 , 949.7232029944984 , 26.166238103159497 , 1000
901 , 933.1807297167197 , 38.34082795050457 , 1000
902 , 950.5765834841866 , 26.064998032205903 , 1000
903 , 952.9344572107257 , 18.018902529523565 , 1000
904 , 950.1978081441905 , 23.616679572629227 , 1000
905 , 950.7016169284525 , 18.812664617437882 , 1000
906 , 951.1027042194961 , 21.591180477964578 , 1000
907 , 944.7522129045452 , 28.8684195108279 , 1000
908 , 940.7001286696799 , 32.975299844875984 , 1000
909 , 942.9410540563712 , 32.447119202904254 , 1000
910 , 954.0601677673571 , 21.713763156281818 , 1000
911 , 947.5097596679337 , 21.937278271111648 , 1000
912 , 936.5726274855398 , 38.81879373751752 , 1000
913 , 950.4207159883277 , 25.21664937879391 , 1000
914 , 954.4621480445775 , 15.866263701599445 , 1000
915 , 951.7766032852459 , 19.916629844977653 , 1000
916 , 948.2246240030767 , 24.17868157576556 , 1000
917 , 900.6984457915318 , 64.61819945908708 , 1000
918 , 940.3176591241621 , 34.28613260008571 , 1000
919 , 951.3759201342203 , 25.05925740469848 , 1000
920 , 942.8067729033944 , 32.26239937883547 , 1000
921 , 948.1718469297574 , 25.6916580964186 , 1000
922 , 945.8891237459777 , 20.310671112430047 , 1000
923 , 947.3645794601027 , 26.91553483467626 , 1000
924 , 4.539850760770555 , 54.18865158608736 , 56
925 , 933.4321410404265 , 43.800519867405335 , 1000
926 , 943.7107202263376 , 31.658591711160927 , 1000
927 , 946.6034421949882 , 19.82938786244234 , 1000
928 , 949.9497333694635 , 26.094320185046506 , 1000
929 , 904.3674994272146 , 64.72022397546735 , 1000
930 , 41.813960542504404 , 40.082453727404186 , 83
931 , 948.9937183060755 , 28.686213760989503 , 1000
932 , 927.8699385189684 , 44.96314424907593 , 1000
933 , 951.0625014750358 , 17.86169993533139 , 1000
934 , 954.7764217291979 , 25.548973033034297 , 1000
935 , 952.7406297385531 , 22.91838448541699 , 1000
936 , 952.0097730830956 , 19.70395775860396 , 1000
937 , 748.5372393546438 , 34.87479991220516 , 801
938 , 954.3441678428413 , 23.37690083111002 , 1000
939 , 949.0046294668603 , 19.315138333941707 , 1000
940 , 951.080089660315 , 24.275615057369947 , 1000
941 , 943.1325040544854 , 33.191665988530815 , 1000
942 , 952.0792779558196 , 18.31182273473204 , 1000
943 , -7.012272103124994 , 46.707595242169525 , 46
944 , 953.2628816808526 , 16.679596977569133 , 1000
945 , -11.60687326869497 , 47.302922155555166 , 42
946 , 757.8771374627204 , 35.10126249204204 , 812
947 , 924.5230958237873 , 44.50264016910845 , 1000
948 , 954.0943368748892 , 17.883815902867777 , 1000
949 , 939.1895806555284 , 35.86420577832946 , 1000
950 , 944.4220349247473 , 33.26055132543788 , 1000
951 , 946.9260937340414 , 29.07097612688286 , 1000
952 , 908.1538168326872 , 64.86857492864182 , 1000
953 , 945.9742886183393 , 32.71308647161064 , 1000
954 , 939.5078767089447 , 39.28738015719397 , 1000
955 , 949.8274484595022 , 20.578452328576397 , 1000
956 , 954.195854434729 , 28.605320506973058 , 1000
957 , 954.2299479812556 , 17.71894674293528 , 1000
958 , 940.8290683831201 , 33.854431260016966 , 1000
959 , 927.5800929914409 , 43.272896075811666 , 1000
960 , 951.5928771487642 , 25.567957308114018 , 1000
961 , 901.1079254921659 , 79.42601154568014 , 1000
962 , 907.7890527778649 , 64.27604686514363 , 1000
963 , -7.610107911242835 , 52.307300195254754 , 45
964 , 925.53861328305 , 51.973763885111886 , 1000
965 , 925.0480881619334 , 46.448413387501105 , 1000
966 , 917.882483496788 , 60.081329588275786 , 1000
967 , 954.8668562936667 , 17.437055955409203 , 1000
968 , 942.7501885219427 , 34.93091381266246 , 1000
969 , 949.2913087847037 , 24.56786160194647 , 1000
970 , 956.2157177539881 , 20.229477688798323 , 1000
971 , 918.4884538013374 , 54.84156175995308 , 1000
972 , 946.229407215691 , 28.944971952116006 , 1000
973 , 929.0651101722714 , 43.08028535631974 , 1000
974 , 934.2422845464471 , 44.08875074416448 , 1000
975 , 913.6986176450031 , 64.77616798211794 , 1000
976 , 932.6091205349788 , 42.31155524605899 , 1000
977 , 939.1843355686062 , 36.695100602418364 , 1000
978 , 888.6695050171493 , 87.99484729991572 , 1000
979 , 955.2550575081508 , 16.60381022410543 , 1000
980 , 952.5773051713495 , 16.481734022031574 , 1000
981 , 952.9235428910602 , 24.720567321732837 , 1000
982 , 948.355329607113 , 23.546697261824175 , 1000
983 , 942.347774152868 , 36.202064618860184 , 1000
984 , 954.7776622122874 , 15.744598790040673 , 1000
985 , 937.0683997729728 , 38.600390736496884 , 1000
986 , -12.64225276295214 , 39.28997104058336 , 42
987 , 947.7676140942882 , 20.516364775928412 , 1000
988 , 949.1286474098113 , 26.900128299854167 , 1000
989 , 945.0948702317328 , 30.903642709442217 , 1000
990 , 951.390757419658 , 26.950161241437367 , 1000
991 , 950.005191898829 , 25.666525094425715 , 1000
992 , 953.082283058457 , 17.974921361683013 , 1000
993 , 953.4990676577034 , 24.262975733431286 , 1000
994 , -8.239068297780868 , 39.7854513660355 , 45
995 , 956.1555957268486 , 16.91082091739839 , 1000
996 , 3.8628134761780704 , 49.0067728087218 , 51
997 , 951.2437558663038 , 18.830635962812146 , 1000
998 , -36.60376769337256 , 39.75482553353645 , 46
999 , 955.3938326413121 , 21.6197994065502 , 1000
