Seed Value:- 61
1 , -125.61639522822563 , 0.8048960345675382
2 , -99.27812788765759 , 76.9688771909898
3 , -134.03796145914313 , 17.623321012788107
4 , -166.16358660208417 , 41.143633719228006
5 , -120.3806962761224 , 10.162647871373746
6 , -107.44314244969674 , 100.4120160305711
7 , -170.98088262830106 , 89.03439872274545
8 , -115.0167692987103 , 14.880870428699732
9 , -148.0133220559114 , 15.857801137305737
10 , -106.60203672075079 , 4.268514384981572
11 , -140.91170857347637 , 56.652779776704136
12 , -171.2284029068462 , 54.41839718160311
13 , -162.4539924904936 , 26.346758375267743
14 , -175.18571773545833 , 36.005308327047466
15 , -132.39366685087313 , 4.965847495300934
16 , -134.25819672767372 , 3.643096844832648
17 , -155.55975674679405 , 112.71687152735745
18 , -145.02594480240552 , 78.27151262606147
19 , -152.53899820432716 , 30.737855886284482
20 , -120.06945820037203 , 19.167787421947978
21 , -16.067544503525006 , 41.28399879980466
22 , -108.7264627980369 , 22.770672192590148
23 , -93.45261011475486 , 30.353503185415693
24 , -3.042378527210383 , 133.14139853542574
25 , 65.18623485325985 , 94.32900184265687
26 , 92.0527010458735 , 41.624200896519746
27 , -121.17376659448145 , 32.39444367689367
28 , -108.01601807634913 , 24.135006574836147
29 , -96.6126389532966 , 20.737394853203757
30 , -77.06446337083472 , 38.78698599683869
31 , -90.54957227106217 , 45.70120736238509
32 , -73.54140715430076 , 32.07782495047361
33 , -88.32686330470607 , 35.387193927822345
34 , -99.1867286232818 , 43.49037487070776
35 , -37.67733723461782 , 103.28998026583533
36 , -115.00442253977359 , 68.32749730025539
37 , -89.45998893575143 , 25.407789433060472
38 , -80.74728059572602 , 17.07251960848193
39 , 141.04620205619855 , 97.44882625515024
40 , 203.71086563095824 , 88.90179948291927
41 , -94.27162040382503 , 18.341156260649846
42 , 76.82248499307592 , 46.53459147977685
43 , 24.390940807049798 , 52.50015951591183
44 , 32.70949015045934 , 53.24011704896484
45 , 37.67271324232155 , 48.41933994102354
46 , 44.20304910672685 , 72.15447027381286
47 , 47.34264579597845 , 40.989787594064
48 , -23.746460727390243 , 209.91873353883545
49 , 180.5384285904498 , 98.5356496075811
50 , 63.53995075022665 , 80.03206315702647
51 , -64.27378220961208 , 110.93309070609973
52 , 54.27097325835075 , 64.0421306604416
53 , 123.5521535624487 , 75.59012037126804
54 , 180.85512443079358 , 78.00765323072702
55 , -100.41442675819715 , 35.95054067478234
56 , 65.28838411753419 , 81.12224125462004
57 , 36.51529648147318 , 42.822601695048014
58 , 161.4038583250617 , 65.90179588455449
59 , 177.78588876465037 , 78.05658214767263
60 , 171.57073072991304 , 67.85069230340922
61 , 172.43512175924693 , 67.95886286784722
62 , 49.079248285654145 , 81.8556729013974
63 , 39.989217363161984 , 52.31375146298098
64 , 138.66991488557954 , 76.5072989667337
65 , 80.98875488101622 , 80.9209614935877
66 , 164.92153657875673 , 91.11671129841463
67 , -85.18458136761959 , 40.964297426135396
68 , 136.06793924424753 , 69.6228207807191
69 , 89.7126426907831 , 83.34550664677184
70 , 51.72006991108302 , 60.221595486064636
71 , 94.23249994526499 , 86.0753747356908
72 , 21.48090219196464 , 39.53394074895821
73 , 39.18890211499267 , 49.885459843620254
74 , 109.96475018625378 , 73.60574824111407
75 , 88.10572061952497 , 84.01786119464543
76 , 112.8046806302165 , 78.30804257763053
77 , -8.211275015925871 , 28.076838737045698
78 , 139.29484151850497 , 71.34067921508705
79 , 150.49687594625257 , 71.66534654973428
80 , 61.022627036996376 , 68.71774738763024
81 , 32.31744704157305 , 92.13490270576159
82 , 154.975896781104 , 80.15407035919415
83 , 102.38969760038665 , 74.5752676177325
84 , 143.16022918518328 , 49.31932023498579
85 , 89.53503414649244 , 51.961537129415426
86 , 143.19470088318815 , 83.89938217080956
87 , 34.18114648776181 , 39.05236939347411
88 , 130.25036990195014 , 53.47784316372138
89 , 120.08866809210673 , 35.04691889914989
90 , 158.20005928215443 , 75.30930035084444
91 , 135.60169465286003 , 48.137232839258886
92 , 71.9529691792014 , 51.55118916260709
93 , -45.54515422790607 , 36.551536010518745
94 , 42.62986462048393 , 64.27781330429153
95 , 62.76759949102424 , 53.63064862174733
96 , 34.81255928654538 , 61.61491742582899
97 , 41.103140321293445 , 77.28359411972721
98 , 56.35853696055839 , 45.40740044034731
99 , 38.657461678994174 , 70.1379081737033
100 , 97.66374518415117 , 37.01709152719899
101 , 67.32108575962901 , 50.72859533715208
102 , 170.17299706258558 , 60.53440638397093
103 , 144.24165492709886 , 85.67853026001885
104 , 145.01854910236744 , 100.56974270448966
105 , 159.31792141517752 , 47.50752452496176
106 , 69.04542727678499 , 40.030954962989085
107 , 50.355470890343746 , 55.594329203451885
108 , 146.01307611585514 , 57.669707325194274
109 , -100.19910971402766 , 34.06052119008537
110 , 165.72223208792522 , 42.82077816939395
111 , 37.3292610071956 , 143.59308803811896
112 , 124.23693142875322 , 107.96910474545462
113 , 137.78780437343335 , 46.88144713431062
114 , 109.97670946171941 , 43.512626074491976
115 , 82.78732950429821 , 46.57583243327848
116 , 83.22532595550254 , 45.39061622448659
117 , 144.96820534654043 , 41.722928612164644
118 , 125.85986833995949 , 39.4562361511493
119 , 127.86000822400547 , 51.431712227106516
120 , 50.005180752967505 , 62.094901281991724
121 , 106.95202453332305 , 39.35370582717892
122 , 124.88245436853673 , 139.5488655083843
123 , 134.37141588404796 , 41.73665465488464
124 , 153.23448114091983 , 40.91853622398608
125 , 86.8266926811395 , 46.694431159269655
126 , -109.41261218054078 , 86.67505076342688
127 , 165.95615361093598 , 64.92322630920982
128 , 48.20743333627031 , 55.892950116268516
129 , 133.70421578276114 , 97.14706986534516
130 , 123.50415031065785 , 52.97027734784144
131 , 92.18620699202073 , 54.47014886199224
132 , 114.32824847444773 , 45.604176572683606
133 , 237.9466805044954 , 135.80677991024638
134 , -10.122804581904116 , 44.046576116455434
135 , 152.12415995075713 , 76.94450326112054
136 , 156.65691569108236 , 42.94996115495508
137 , 127.10102812180166 , 51.795074686182744
138 , 45.22738922743978 , 68.78285888614779
139 , 38.74387356163726 , 69.09294798164731
140 , 242.77400344056875 , 99.29867734549836
141 , 183.92546300212666 , 111.85343954555
142 , 148.43387731168085 , 89.99162365280506
143 , 147.47213660639926 , 44.482153022765054
144 , 183.41030971105957 , 91.29823293693774
145 , 150.70255326071577 , 50.994163262441305
146 , 50.12257515872844 , 62.67048847043795
147 , 124.54722763753787 , 47.67316176159124
148 , 200.48606205919583 , 92.08336062693145
149 , -93.60417626141029 , 28.03036114600542
150 , 167.8579305307992 , 79.04794896963669
151 , 130.20272544277816 , 44.84232783221028
152 , 231.5196963161772 , 53.748598579136676
153 , 147.02983320251852 , 63.344668309770114
154 , 239.35309186875315 , 54.47565828086728
155 , 321.87408364714395 , 122.91699827740763
156 , 180.39573549209155 , 58.916714450968705
157 , 24.42489133931525 , 46.17434775581781
158 , 196.49288060810795 , 114.13349928471193
159 , 92.29445550328472 , 51.827071079200714
160 , 80.68856514490828 , 47.55000927849314
161 , 137.07311385413945 , 44.39895206930779
162 , 149.92115913291588 , 37.47895894804666
163 , 228.18338294233618 , 37.93731586996221
164 , 245.04548811170994 , 38.14762930399262
165 , 239.7888679113247 , 103.20530639443123
166 , 343.30418485304295 , 113.63771760191668
167 , 310.8821510542408 , 95.44248434360402
168 , 266.8384410272843 , 44.542940633395865
169 , -70.14831434415268 , 63.282929363676764
170 , -1.7192901280331645 , 42.61949371453934
171 , 161.64960391264262 , 49.21048671216055
172 , 78.83315619237835 , 79.34328684262167
173 , 128.17824511265445 , 51.77270723271295
174 , 154.83747544188756 , 47.594327215675065
175 , -27.278588794422937 , 39.50127785943908
176 , 77.31516812445383 , 68.59734761423258
177 , 46.97852108446378 , 75.32967330765686
178 , 157.34829905053206 , 50.56929081575669
179 , 164.11669675805217 , 47.190800129915644
180 , 57.761570738534225 , 73.4863123689236
181 , 128.1837916188598 , 51.11955169786259
182 , 41.564303647831466 , 86.45681433193853
183 , 136.9075564078992 , 52.43757031048057
184 , 159.87113769117775 , 73.44913689828923
185 , 333.38805190270887 , 165.26933056561322
186 , 163.4208862359495 , 65.05872314573733
187 , 162.84308493495683 , 59.338010746190136
188 , 113.99733409399884 , 63.90977333538619
189 , 316.0796390636473 , 186.81421514017248
190 , 34.96899660841311 , 71.61063829441471
191 , 265.36431703521697 , 127.22251059291183
192 , 205.27917088727608 , 85.24828292948618
193 , -92.5587296571237 , 62.88834779924048
194 , 188.52721593647183 , 76.02138985289248
195 , 177.3055716893394 , 80.31148230844055
196 , 140.58362912028917 , 55.54874602455316
197 , 149.41229002056903 , 49.99312946492352
198 , 166.36132311091174 , 47.3819385801373
199 , 991.0693948819836 , 58.28923874162656
200 , 992.0656540408246 , 69.16741943754285
201 , 696.7170690841419 , 63.15536003728321
202 , 163.8548547154434 , 58.194322777413284
203 , 45.5064445800032 , 60.76339259725929
204 , 555.1384585423914 , 60.045082380559066
205 , 991.3727157074469 , 54.4638471911707
206 , 353.7466594816344 , 55.95318571243619
207 , 924.386266274178 , 64.60274924904525
208 , 406.05203879374955 , 72.9368200030847
209 , 122.56019276748893 , 52.594734696997484
210 , 664.7564084681752 , 61.146861388809214
211 , 460.30537919861234 , 107.64346293664424
212 , 991.725241464351 , 72.72468928716974
213 , 982.3031385926761 , 72.4434464968177
214 , 986.8010774911784 , 69.50683259795063
215 , 992.5346985281354 , 77.35676919212129
216 , 40.743422457441035 , 72.32547730896941
217 , 979.2525432962466 , 86.14845283934757
218 , 984.4300718193246 , 75.78439326818416
219 , 987.0005017421663 , 77.69793400967009
220 , 993.1483193604349 , 73.17229452069864
221 , 992.8154259813499 , 75.40715898102474
222 , 991.9871462423048 , 66.95978600878031
223 , 990.0148373616735 , 83.29402592146688
224 , 986.4325331999013 , 98.3745160740037
225 , 983.6081025909625 , 95.61179507851655
226 , 979.9178380433453 , 151.07090035894385
227 , 979.125082009151 , 142.4807537972545
228 , 988.9618821522655 , 92.07359320568091
229 , 987.9763207706847 , 110.14339331877142
230 , 969.6477770646303 , 146.19777553248798
231 , 989.5748378013917 , 102.9697010484588
232 , 984.8326275366504 , 89.73305531470369
233 , 972.9002104796889 , 177.71075832878904
234 , 990.9731347036425 , 104.2935055763883
235 , 990.3201785366788 , 85.65828479827104
236 , 981.0522493015455 , 107.6116453554273
237 , 988.6865809845459 , 76.86290099157051
238 , 989.5048208406542 , 88.31933996816991
239 , 991.6933739191763 , 71.07637964694142
240 , 990.5693253958666 , 84.98101243555942
241 , 985.8374051385093 , 91.4465868550889
242 , 968.7587263631572 , 172.39628677521586
243 , 982.3025128972114 , 88.21650646674611
244 , 3.2005876274251666 , 55.63476982365529
245 , 994.1605937780197 , 94.27100315511248
246 , 992.152319581765 , 86.14009193679551
247 , 980.6417225972991 , 131.92497673317806
248 , 943.2067987384952 , 241.52590117613894
249 , 979.650702843997 , 113.13882000374919
250 , 973.5530444262122 , 236.57526450833078
251 , 965.356514760345 , 233.06270094814204
252 , 982.1306987451508 , 159.48027030843826
253 , 45.23611550037557 , 80.27440201925096
254 , 490.96954664741236 , 158.98397934949756
255 , 985.5601860803769 , 172.76051361247596
256 , 983.3899273607267 , 156.49589686159564
257 , 142.69153495952241 , 109.55606615467629
258 , 52.42175589272519 , 71.88080285335204
259 , 986.4350681513491 , 118.74324326483789
260 , 993.056280002014 , 96.12638866733161
261 , 984.5331886752315 , 112.01517305690969
262 , 991.3555162173019 , 96.94114138936997
263 , 990.1136390937423 , 92.19500542022408
264 , 989.3684588275728 , 96.72930274118791
265 , 971.2214555607064 , 136.32911023946733
266 , 983.9027151128059 , 133.40024591214137
267 , 975.3248632403391 , 151.0666160404794
268 , 985.4298613017392 , 132.61866549073545
269 , 984.1219467997634 , 146.67085590331513
270 , 8.998451194860838 , 45.643992224019875
271 , 990.4869951700128 , 118.75264933880092
272 , 972.9450746543353 , 137.67947422501427
273 , 992.0264546033599 , 125.32494819443095
274 , 986.8695714756768 , 126.90922515150575
275 , 990.3590590151954 , 123.37174294271264
276 , 975.2697412409411 , 214.9096220338921
277 , 981.3961074336601 , 204.88037995530416
278 , 984.0626714699861 , 199.32236250370136
279 , 973.998898277989 , 221.81663220698783
280 , 992.2377186839345 , 132.5718337451089
281 , 991.904445974695 , 104.76455824338855
282 , 984.5593799410955 , 159.1099632201779
283 , 992.5925438673223 , 126.35714425753024
284 , 982.8992055777958 , 187.63229110397876
285 , 980.66798288931 , 188.95943616551276
286 , 977.3517226002151 , 211.53605320246612
287 , 988.4310153575102 , 125.64677247241339
288 , 981.4446329334314 , 184.87137740023263
289 , -20.547983977516633 , 71.7491588343071
290 , 972.267665064977 , 231.07266059003783
291 , 37.41431402123797 , 58.47615897503057
292 , 984.6153029705735 , 142.80011902519155
293 , 990.008382523043 , 130.9319385888089
294 , 993.0494062555114 , 103.02786835976642
295 , 963.6839414428393 , 160.34372984059837
296 , 993.2903368343162 , 78.92208228569206
297 , 967.7018228884577 , 215.3899639876803
298 , 992.7856717321921 , 104.46347862965273
299 , 14.70492965419582 , 83.6862069076026
300 , 994.4017744142386 , 76.51840993364462
301 , 986.9266407971198 , 108.14937722197912
302 , 983.2541134434761 , 105.52402905573257
303 , 990.4124015215092 , 107.68051133795252
304 , 993.7853813325119 , 80.38359494880059
305 , 988.8051976683673 , 130.54835452444078
306 , 987.6298410012128 , 148.40657006710134
307 , 972.7925540065911 , 241.48506943035358
308 , 995.7041772531807 , 63.350002441817296
309 , 990.4994552881816 , 102.86966116562007
310 , 994.0327854949021 , 85.42097184137108
311 , 994.2164551206724 , 90.98422475718453
312 , 994.2945415629634 , 92.02768010142663
313 , 995.6636957018043 , 83.19945309048435
314 , 994.8340243172951 , 95.36069035342997
315 , 994.7718724269325 , 65.129377876359
316 , 993.3311761514993 , 97.92114510280298
317 , 982.5852419821516 , 98.10392300493416
318 , 986.5997103879182 , 92.63080130722956
319 , 991.0984443617601 , 126.15221935055031
320 , 993.7881584651361 , 94.21442037084462
321 , 989.6146361081703 , 65.72756293194118
322 , 972.2577061685513 , 110.30962689510564
323 , 993.2954808232797 , 68.53668558997238
324 , 994.6821950200816 , 67.1688384170132
325 , 35.42851634189678 , 81.156846102444
326 , 41.210040616283344 , 58.47472618090195
327 , 983.1790055840756 , 100.38363706269637
328 , 974.3465453832971 , 110.20689380033139
329 , 971.9968613034229 , 125.5970189581618
330 , 984.1460951376484 , 99.28780442858705
331 , 34.48701809685933 , 94.15374195927667
332 , 35.792074674806926 , 81.74220385098472
333 , 989.3692853350432 , 125.09518160693386
334 , 30.668248755673357 , 78.30274247719682
335 , 985.2145016354947 , 99.33212850645282
336 , 995.2878926399795 , 66.08532809620637
337 , 988.8189246329407 , 93.58366909641482
338 , 968.9067323622409 , 149.18383611398164
339 , 995.1772206385662 , 66.724506858373
340 , 969.40176116145 , 141.11470042675094
341 , 996.2561570835584 , 60.77121548874885
342 , 993.3890065036363 , 97.35840319331321
343 , 993.0371339011934 , 103.81171896454826
344 , 977.6115790158839 , 97.31536319596071
345 , 995.8178692102201 , 76.45011258055048
346 , 971.6107859246163 , 114.50862521544425
347 , 997.0463472335134 , 62.07740521704149
348 , 978.8976497975809 , 111.38378165313368
349 , 966.1561737010586 , 148.7290381594382
350 , 972.1826744547283 , 131.51660613463977
351 , 980.8219669623653 , 100.47468037506104
352 , 979.6086214291163 , 103.66756740123363
353 , 997.3553724662706 , 69.13136785302368
354 , 995.9434657232063 , 50.27152269794208
355 , 995.156064991709 , 71.61818962333233
356 , 981.4160846767991 , 88.65704336877579
357 , 997.2866877892368 , 61.518024862554604
358 , 997.3655725109643 , 47.83341580482475
359 , 996.9082584632317 , 60.072255794771806
360 , 996.8667155702374 , 52.33382673952081
361 , 997.5518726510953 , 39.69669401723476
362 , 996.7420318260944 , 64.68905251274091
363 , 997.4324200271395 , 47.80052381368605
364 , 996.5315449569566 , 45.33624894583036
365 , 997.3799778391893 , 47.178782326839126
366 , 50.791110671340434 , 84.10840464705248
367 , 995.7099874020315 , 67.83801987032439
368 , 991.8747003214253 , 68.41602051230942
369 , 996.0678083992432 , 62.31982209252745
370 , 740.9632455595765 , 88.16561179356036
371 , 963.8604071676614 , 145.08795569011693
372 , 995.6523264601357 , 90.22352622373192
373 , 957.139026860583 , 150.2468946084001
374 , 86.01787209345896 , 84.69246840193452
375 , 984.3390030015131 , 98.83995398004184
376 , 992.0347272256794 , 71.9985208578271
377 , 270.3651751660309 , 69.35904002121625
378 , 41.937445868892915 , 93.73512247026237
379 , 985.54524786059 , 72.98985086677442
380 , 995.8077917254346 , 66.17225265953164
381 , 996.5582596370521 , 79.65914433730696
382 , 995.9335957256036 , 94.54536195813411
383 , 982.8950761991101 , 114.63522135737537
384 , 985.4451079498529 , 98.33787480585863
385 , 494.11957586560186 , 60.902799971610136
386 , 35.42249552848696 , 81.6724185703385
387 , 997.1997172606999 , 75.81679200666072
388 , 997.3037436660006 , 71.49859001575669
389 , 997.3873548222516 , 61.466685986648244
390 , 996.100081744661 , 64.71867385345874
391 , 992.2824878488269 , 104.0786375101325
392 , 46.04452489946963 , 82.72323153839203
393 , 961.5401343476107 , 193.03710699533264
394 , 979.6549520654803 , 132.07265089293205
395 , 993.799737255836 , 93.97597591100772
396 , 986.9739206080582 , 114.68963951803924
397 , 997.1019226357773 , 89.00915006248908
398 , 996.3380390071837 , 88.22448917845514
399 , 986.3127114048394 , 138.69215291510133
400 , 985.0299443058257 , 113.81641879416705
401 , 285.6399288435381 , 99.9299912327812
402 , 997.9586747588055 , 76.04425943441866
403 , 773.5007133522903 , 69.54129719877454
404 , 457.77036421736676 , 47.44470711303583
405 , 434.1180270230967 , 56.72695871738372
406 , 973.499488762519 , 146.06303435307188
407 , 997.6423334138838 , 61.871768791159596
408 , 431.34250587760727 , 92.18945398080096
409 , 998.8123835202986 , 61.760394481499354
410 , 353.59028647106123 , 95.85890539279738
411 , 487.7066572561026 , 88.57581779662449
412 , 993.5537487449799 , 83.58430356941808
413 , 437.2121111043362 , 88.54504949025036
414 , 996.9698790792476 , 97.38531892824523
415 , 990.6040154835832 , 101.22160376471005
416 , 994.0931076610839 , 86.72038869485108
417 , 998.3245271657794 , 64.430968133043
418 , 996.9353824101163 , 60.47957151636015
419 , 995.1144321781311 , 81.95998231867658
420 , 997.9855655896828 , 71.43722748002516
421 , 671.8945952301278 , 54.24703903675433
422 , 938.7824064785026 , 70.8417702290817
423 , 115.74504722744854 , 87.28845400542946
424 , 371.44583373332955 , 65.01334570915655
425 , 996.9303587692641 , 61.462815551087274
426 , 982.4825304212865 , 113.15775088834728
427 , 988.4347904022698 , 101.60490218185842
428 , 996.2952280948358 , 64.04526010775524
429 , 982.2749202373852 , 112.4399352883431
430 , 998.5535068341434 , 57.878592631759204
431 , 994.6623467736977 , 82.85853511439277
432 , 997.495703291156 , 65.15773484434702
433 , 320.3782773815953 , 96.13982343238432
434 , 987.6844030980999 , 110.37684902619084
435 , 394.04332593356634 , 197.05702420123285
436 , 190.8619666074685 , 92.42900383363941
437 , 998.5508011359391 , 71.80000819245218
438 , 998.8250328696583 , 60.28642697654121
439 , 996.0227266632023 , 58.8565850064417
440 , 992.0328678325668 , 72.37327348319057
441 , 530.1067351828339 , 71.16515314685556
442 , 240.1406804400244 , 88.87364939393163
443 , 995.2755401577504 , 51.94966671383257
444 , 493.0727630868746 , 62.16206174280804
445 , 976.8462461705644 , 135.28573537570742
446 , 998.5601371474303 , 64.84219990383255
447 , 555.2146606961963 , 47.85239025761108
448 , 37.42932198949136 , 100.88848863236838
449 , 499.98534841175643 , 55.29178883054921
450 , 981.7209861853611 , 118.5305806075566
451 , 986.9279925796608 , 86.58777692517464
452 , 19.604918281245546 , 51.63538580892991
453 , 996.0659347556009 , 52.17976997319598
454 , 997.9484562710442 , 52.00187573042831
455 , 996.5618662126831 , 45.488452125142175
456 , 982.9510431628596 , 94.30779849616258
457 , 902.1586802112723 , 60.24401963770148
458 , 632.2147043176956 , 81.93000775409703
459 , 244.84535299029136 , 48.20364523148303
460 , 995.6859834396821 , 45.15972409222191
461 , 443.34916123615625 , 102.03276354790675
462 , 87.75852126466097 , 93.86000673868215
463 , 991.2222175501375 , 68.8108066133005
464 , 94.80755831662033 , 81.23094387848747
465 , 991.224675713844 , 70.47638901342582
466 , 45.25659851823092 , 101.31431571638582
467 , 986.1134054498983 , 100.07968281138626
468 , 992.4634357597309 , 66.69966282472443
469 , 992.6970587699907 , 90.5922304855253
470 , 995.45837910442 , 65.90081178602944
471 , 147.81527994329986 , 81.61337895562858
472 , 998.2941716921741 , 43.43544926332064
473 , 984.5382992477452 , 106.80234828780951
474 , 990.5051327605693 , 70.35782460062885
475 , 996.7044689668938 , 40.95306914384415
476 , 996.5265778245739 , 44.97963968193466
477 , 43.68039034324646 , 48.824071850239086
478 , 995.3047180379908 , 48.15332378781318
479 , 128.8696326801366 , 77.38464420527461
480 , 994.2268290878455 , 45.236177308873465
481 , 35.3023132669976 , 92.60231442723206
482 , 976.7547596254218 , 119.0803033173292
483 , 997.0238711095274 , 45.32238397415651
484 , 975.4960798314216 , 98.02354086687558
485 , 994.7621463206326 , 59.07839060599294
486 , 963.5410941211898 , 166.94282794066334
487 , 37.11892068442923 , 98.70145666399323
488 , 978.7705665462591 , 163.80532685938647
489 , 957.9436262586055 , 250.77673249893314
490 , 961.9278099219631 , 225.03058625691222
491 , 253.95380371426648 , 103.99486048047669
492 , 876.4205641608723 , 73.66669241069461
493 , 993.6362679174141 , 71.32452741551057
494 , 990.9451663172033 , 82.11054034403641
495 , 987.0134494275469 , 115.31384529267713
496 , 991.8373959439 , 76.10603799009014
497 , 988.243538063147 , 102.08216172220891
498 , 995.4776095331259 , 44.646579410792896
499 , 994.6927897893995 , 61.51416643187224
500 , 993.5799939361692 , 87.38951635147106
501 , 998.3745797574293 , 54.910638279976084
502 , 67.34387584358704 , 93.39757999872732
503 , 995.3735893517478 , 65.19038639304327
504 , 997.7539101042369 , 62.39873405300963
505 , 972.6343427651901 , 137.87251599119156
506 , 977.0498311778616 , 143.2467483685402
507 , 975.5854592954187 , 126.91168802554016
508 , 966.638107084325 , 201.82748984400357
509 , 995.7506445257832 , 58.34747508290378
510 , 985.263072851903 , 111.37613780452506
511 , 985.5501048042819 , 106.69529054173046
512 , 991.5654225081676 , 84.30497264030163
513 , 992.877360667871 , 72.61980839420455
514 , 988.1911273050212 , 98.81739541632737
515 , 985.3593496758426 , 130.45906852667022
516 , 992.9420210435163 , 78.20359695766965
517 , 962.8750340713799 , 192.9472477336464
518 , 987.0243098928125 , 101.86104133596028
519 , 992.6069038751327 , 73.23905184446478
520 , 23.721178130001956 , 52.290375626810274
521 , 980.8582212891532 , 137.6799745395122
522 , 987.0995399606221 , 111.7136242745731
523 , 984.589795439517 , 103.26599140169392
524 , 46.60704936791108 , 103.21487709753096
525 , 997.3819560029667 , 63.13978024671316
526 , 990.9569496963954 , 56.6067398216437
527 , 985.8969629188185 , 76.12662188990738
528 , 995.7800399111443 , 69.44042674658317
529 , 994.9269880395159 , 59.19276532131362
530 , 989.4343330202782 , 85.3882740066886
531 , 992.5583141398308 , 53.94987618716719
532 , 993.2188885553492 , 52.62908789854332
533 , 981.0734016762685 , 102.97777037022327
534 , 990.2993111299428 , 46.68918725737266
535 , 990.7546431092766 , 56.32340285866904
536 , 984.5920115592569 , 94.27605679871183
537 , 994.1403299928368 , 45.801862474773834
538 , 995.6683938463574 , 68.17742502789096
539 , 987.973370498791 , 72.92789030452171
540 , 989.7605415927501 , 56.05281109261611
541 , 991.7004092006368 , 51.74995727167587
542 , 961.8224522350663 , 149.21251289715275
543 , 991.4381140082999 , 85.60433410690307
544 , 978.6882777405821 , 111.37367122889025
545 , 994.5834678697195 , 59.30676221801538
546 , 988.7105286231895 , 82.75944069444374
547 , 985.8517322631193 , 64.717889139302
548 , 984.1240217644921 , 124.67246440921402
549 , 974.5498241324699 , 124.79765066192266
550 , 991.1576155708333 , 60.361216551663574
551 , 997.6461872276822 , 54.16985094132998
552 , 982.9640767344042 , 126.5085262232595
553 , 989.2314667937444 , 65.06593890760763
554 , 993.2984820520414 , 80.81886819401129
555 , 990.0063923012501 , 66.69735623271983
556 , 997.2688150102865 , 51.94974517664537
557 , 996.684006187784 , 77.04908832993608
558 , 993.1772180580937 , 47.728879416363775
559 , 985.8102496711751 , 68.95524580249301
560 , 400.8183628019298 , 56.70904313360587
561 , 991.0241722901924 , 90.0650584285874
562 , 994.8374411377407 , 67.13493786236559
563 , 991.7250282971308 , 57.92748065656876
564 , 997.9482827341087 , 55.297818149993184
565 , 992.0176327459965 , 61.89020393463873
566 , 996.5163343946509 , 47.118844784185505
567 , 997.9065488979096 , 48.42024424047844
568 , 982.8013113936556 , 84.17838901731838
569 , 41.64288903951173 , 54.21741490191089
570 , 308.14879512633723 , 122.83508358407384
571 , 986.9450390217419 , 94.54272512298705
572 , 994.2019895354259 , 55.00780481006316
573 , 997.8799065013645 , 62.21775056191754
574 , 981.5840118516287 , 114.95798933713445
575 , 994.290567932047 , 73.07997864234174
576 , 987.1681901893077 , 103.63463055891877
577 , 984.7703907707786 , 159.9628027039276
578 , 55.248864870223116 , 96.55570802780431
579 , 11.587117045026007 , 80.5766079808965
580 , 988.162441508211 , 115.65051860798513
581 , 997.0732668844889 , 85.84142426968772
582 , 991.2682985391099 , 75.31173714754135
583 , 978.6690145166096 , 139.60790409252903
584 , 498.652775234998 , 102.1079023058363
585 , 374.0788123040958 , 48.44845079847654
586 , 998.6629803680622 , 67.52878998374602
587 , 40.55176811014008 , 110.41915266793175
588 , 141.09100322930058 , 65.31840886853058
589 , 997.1606072640386 , 56.74347626030324
590 , 997.771403045786 , 75.41520003899191
591 , 997.5683443052328 , 62.664717611056105
592 , 530.5514681630841 , 144.17377888128124
593 , 988.3684534718496 , 95.73831109832857
594 , 995.0021477766962 , 56.53383074692824
595 , 54.694604121140465 , 94.82096413399125
596 , 987.1811086813591 , 135.77130232555777
597 , 990.7313231965225 , 92.40659365138137
598 , 324.6955509740981 , 89.48694755177253
599 , 41.95033459633366 , 101.23384624301129
600 , 31.731595092235906 , 122.07668058961318
601 , 424.8260607520382 , 151.42526332961157
602 , 994.1385152781237 , 72.17266046788608
603 , 991.444463262812 , 79.90588386268783
604 , 996.8353937692683 , 66.87644073276596
605 , 992.4478209220773 , 132.99390038300174
606 , 989.9577772282208 , 87.3108221321701
607 , 986.6301236535292 , 149.88301077299025
608 , 989.9901776227349 , 85.36222565161776
609 , 8.972608935867546 , 52.30906183114816
610 , 988.2585777981772 , 91.95311182155157
611 , 983.7170101461469 , 125.50127302764149
612 , 656.9275502806656 , 77.85456748472313
613 , 455.1871973121351 , 77.82218609471792
614 , 989.4757838569275 , 112.48135785305709
615 , 992.8627089097591 , 62.305329711975055
616 , 993.2815532394224 , 74.75429199818514
617 , 992.7940446569055 , 59.70776062186157
618 , 581.6102569393004 , 78.36631729532047
619 , 592.0682312286976 , 69.98731433036117
620 , 526.7062675082727 , 51.64237119566789
621 , 37.26052902727481 , 112.7396487282798
622 , 992.3940495086833 , 85.74213037262813
623 , 985.044883508082 , 126.98101952260211
624 , 989.1822591640494 , 104.55244936205744
625 , 995.1370249570675 , 56.05382007681913
626 , 990.8345596704322 , 68.71406766653065
627 , 37.987590123943775 , 110.24516820647328
628 , 390.1162794836945 , 55.76338459689153
629 , 987.3641317943094 , 88.1086697178267
630 , 995.254648907291 , 60.49866565607131
631 , 996.749716956126 , 60.93911788946539
632 , 38.79661281331676 , 53.190223149371036
633 , 47.242967838731744 , 98.5384702774828
634 , 40.607827605394256 , 115.11385140914133
635 , 996.6475787617055 , 51.30862103531392
636 , 52.251619732063325 , 104.28846542387818
637 , 41.21855805805939 , 51.66490438956282
638 , 997.2560794550639 , 50.488748510961
639 , 991.9705506575033 , 56.83313638109288
640 , 990.6983273293337 , 62.99999573159746
641 , 233.19591559583026 , 171.83233698458585
642 , 141.36404560472795 , 154.30996666343214
643 , 994.049334581301 , 69.18939332427954
644 , 986.1143268520705 , 83.89816823622893
645 , 991.9206962811772 , 121.04558505762586
646 , 996.1115542924776 , 58.00851885900224
647 , 993.1193392204378 , 64.08181459237498
648 , 16.301123795365232 , 69.16404566461385
649 , 48.680570949989146 , 114.949612596646
650 , 995.6567108100489 , 72.66980399520011
651 , 992.8214218426681 , 62.276080107268605
652 , 980.634831826 , 110.90043766393278
653 , 991.3522488677742 , 127.4921278882997
654 , 989.7171865528835 , 67.41651891002188
655 , 987.2323835941514 , 96.56141620508424
656 , 997.4450646929597 , 62.271508209252524
657 , 948.2103598373402 , 174.88167806045917
658 , 996.1836669013035 , 65.69232064814477
659 , 989.4226905252141 , 76.50775226249479
660 , 988.9270248736286 , 63.30533946015278
661 , 991.6154950213074 , 52.97910923830229
662 , 997.1299984687245 , 70.06218133509574
663 , 989.2481423113746 , 99.63156637970872
664 , 978.4826171792204 , 152.8559971654758
665 , 988.239966151792 , 92.49812276146231
666 , 995.6771139740845 , 59.84534192529166
667 , 58.193402512543464 , 69.1003466381156
668 , 988.8778201475255 , 72.6338208525278
669 , 993.5853376843356 , 64.82325427572995
670 , 993.5394046690961 , 67.50964625971172
671 , 283.04243579988264 , 51.112353629147684
672 , 991.0852633774416 , 102.02896129128679
673 , 948.1108286144665 , 148.072129661228
674 , 38.31872108032368 , 114.66402974188352
675 , 995.6131964386 , 74.32191028639383
676 , 994.2234131662547 , 82.78144640998224
677 , 987.6607362024819 , 90.83128553252531
678 , 988.1772498828499 , 121.26258216801276
679 , 992.5061062334674 , 56.848499743588164
680 , 989.9237445961137 , 80.74373680353635
681 , 997.5423798507903 , 69.92917127024604
682 , 940.0151716774972 , 197.72638119843248
683 , 994.1812054273237 , 61.59102799750142
684 , 983.2764192429128 , 69.9289182706317
685 , 993.353190566447 , 68.21770771642872
686 , 991.6230601910316 , 75.86611533207717
687 , 995.1153551909586 , 60.272093638496806
688 , 980.6312914763671 , 183.65699506982693
689 , 960.4081631044862 , 145.53470677797333
690 , 989.830206406087 , 113.48172941743547
691 , 39.602074656906204 , 84.33854075752335
692 , 992.2109660666692 , 75.05386553908755
693 , 996.7347478006086 , 83.1893358523976
694 , 991.9230821709226 , 76.75184216590196
695 , 987.8115000534617 , 119.0843563869318
696 , 993.4536862929916 , 107.99844855364532
697 , 976.4980738478721 , 191.02378484866665
698 , 993.6152796261489 , 92.6304488233576
699 , 989.7447805909209 , 115.1484250973605
700 , 993.3941683827059 , 91.2844806641592
701 , 952.1148461736246 , 134.97347313142367
702 , 995.0206976931217 , 98.20808254364022
703 , 994.1006518101531 , 87.63463510870713
704 , 997.4032945623522 , 87.92105634489997
705 , 980.9253710363901 , 182.6491592775001
706 , 944.5482391482931 , 176.19804270194038
707 , 938.2328140829472 , 154.1137368929248
708 , 993.8306572475998 , 100.3053248435611
709 , 996.5070187436239 , 74.36902471696733
710 , 995.5738678824457 , 62.30219105479771
711 , 990.5002529617818 , 103.55990687066065
712 , 988.6896375017363 , 84.86551061820968
713 , 985.7874722493634 , 89.0481732982643
714 , 37.35868670387218 , 107.0765262084602
715 , 991.3869549563359 , 78.75411846091862
716 , 997.2203529823894 , 83.17197066117294
717 , 991.5238922569425 , 69.07638939849593
718 , 992.7958245082948 , 82.00730799356568
719 , 992.8313000265288 , 92.28379793214998
720 , 645.942997094414 , 155.47180089802444
721 , 991.5150965948809 , 70.25988720995552
722 , 47.55151965150847 , 95.9170379139507
723 , 996.5007682781846 , 57.73923680415861
724 , 997.7735971998236 , 69.31861788782955
725 , 990.7305720279401 , 92.2776206125218
726 , 997.922060880958 , 72.41217201460387
727 , 992.9728512548065 , 114.23313153715986
728 , 993.4155869365778 , 79.25661653601779
729 , 992.3570977193451 , 50.964559237207425
730 , 987.1787772270724 , 71.76005964672332
731 , 996.7014098743138 , 56.5769081035457
732 , 989.8881893511732 , 95.4270761092586
733 , 990.3744991256394 , 117.50485518246239
734 , 996.4195322779226 , 73.21410666378947
735 , 979.3935324890186 , 151.04902632845025
736 , 23.92739890473706 , 67.24847862422551
737 , 245.74154717737088 , 61.58877008885457
738 , 996.8059289367147 , 54.378290180128396
739 , 986.0721302918394 , 140.97872006941668
740 , 38.28085905939046 , 107.31720131953473
741 , 991.448920332397 , 63.34320660954819
742 , 992.5928638980523 , 53.15910368791506
743 , 6.416351391706504 , 83.79976142290255
744 , 992.6171284130797 , 59.06032795229554
745 , 255.75859469869368 , 61.14742654515751
746 , 974.705397548509 , 196.86027029057368
747 , 992.071111112307 , 66.92683309179631
748 , 993.8190040873634 , 69.36746670801048
749 , 989.8193568558805 , 64.12439223305726
750 , 991.1237143297599 , 60.737959656054805
751 , 983.2035462737217 , 113.61631183172715
752 , 987.1419132573483 , 104.42253477855586
753 , 996.2644090348895 , 69.2519527250981
754 , 992.1552579893593 , 59.254745151185084
755 , 996.4259743404587 , 48.46906606467366
756 , 991.9330142916474 , 60.47829169844566
757 , 992.2829904148869 , 62.26908528034725
758 , 996.0778815756846 , 52.148689404182875
759 , 992.3495865525462 , 79.09711379802927
760 , 981.4655319656374 , 89.18185707145129
761 , 977.0848886371663 , 103.65385591982293
762 , 983.4648563757132 , 83.97236512779749
763 , 40.13802602872487 , 90.76183106901821
764 , 282.3573498931867 , 78.3984860239562
765 , 993.0650391517275 , 113.29476791279477
766 , 981.1260551734306 , 180.40519615151945
767 , 994.5571779765969 , 92.2908311166699
768 , 994.8416959997487 , 86.15630026999077
769 , 997.4570221467274 , 72.8676211559123
770 , 33.46687556421095 , 66.87557863121035
771 , 991.6370226688016 , 105.9423890734284
772 , 994.9300161278873 , 71.0100157344274
773 , 977.121009518026 , 183.53592370331228
774 , 61.62863811449814 , 90.53376330927544
775 , 998.2228472929155 , 61.33394968239764
776 , 991.9650523516198 , 97.8808383038595
777 , 981.9792937078832 , 160.00227227512184
778 , 989.5028327045055 , 102.21765420459057
779 , 998.4453226977726 , 69.72273560328259
780 , 40.753126123109915 , 117.9935187737098
781 , 55.21239073420165 , 98.0907765915644
782 , 997.6255695022239 , 78.91543627742533
783 , 998.5462554352396 , 60.58618738714621
784 , 72.77928846059012 , 112.29106474062587
785 , 995.2343046001316 , 77.76929714604111
786 , 998.2302524318966 , 74.04233519562229
787 , 994.0484221242183 , 87.6467064304547
788 , 985.5562586040719 , 148.56689982439445
789 , 386.59444638342165 , 71.61775708333593
790 , 994.0606366909835 , 73.0691948692636
791 , 990.3150943530841 , 101.10190319187583
792 , 990.8454228952623 , 134.951538740417
793 , 997.8584191735262 , 80.76672635821343
794 , 996.0996882863169 , 80.54304343460551
795 , 993.4398506361927 , 90.23812271100834
796 , 990.9612872751136 , 78.08784565224667
797 , 998.1953825121583 , 66.78751626082354
798 , 996.3690496748724 , 64.39013394230851
799 , 994.6500971156461 , 82.28571365171969
800 , 996.5604442297274 , 71.68481819918324
801 , 996.2901919205965 , 69.59978983047385
802 , 996.7384675554688 , 59.13476071558451
803 , 992.1758571743183 , 69.43814950963424
804 , 993.1410497704857 , 70.15705731261093
805 , 992.0152612189102 , 65.87427252574962
806 , 997.9989833525012 , 65.04445866485798
807 , 89.87110894083412 , 50.35392832149584
808 , 993.1849954237753 , 55.50222079564698
809 , 991.2844394754786 , 73.8778934367693
810 , 990.7785120093889 , 76.38710751086714
811 , 987.7244205928647 , 116.67739701784798
812 , 991.0396051452864 , 59.97550281507107
813 , 35.69434910116634 , 44.94531532681574
814 , 997.7391460893934 , 51.2185875715297
815 , 990.4116584746301 , 87.46519522933579
816 , -118.06964575497366 , 98.88674817303102
817 , 984.5362604255315 , 128.31004609983424
818 , 998.5768966228356 , 50.71109906140286
819 , 998.9146284830234 , 58.72501736881628
820 , 986.4169470359236 , 104.1694915899743
821 , 972.4824405084171 , 156.38657950604906
822 , 993.8228310767436 , 66.67953243646839
823 , 33.147635916551614 , 115.88741426609758
824 , 989.4229768519092 , 78.11325039598337
825 , 996.2132428740772 , 60.94187079238609
826 , 997.9387701326531 , 72.6828793919936
827 , 998.2988050894686 , 57.456519211340435
828 , 996.714822498895 , 48.23506496956124
829 , 999.0516055311348 , 62.1686080707922
830 , 984.7774431360419 , 127.97401529994391
831 , -1.5794954814475717 , 102.54623119262469
832 , 992.6681296364189 , 90.86049880027039
833 , 994.1441562069181 , 69.87631719221623
834 , 996.214021284099 , 72.22728037539402
835 , 990.8238857805286 , 111.59393174815712
836 , 994.0041576552103 , 66.60120444528977
837 , 982.9007941559331 , 116.1104592939761
838 , 994.3660832921689 , 60.446251213361826
839 , 997.518717279442 , 70.75078992032199
840 , 995.4427204715695 , 57.77014830185566
841 , 994.760081969525 , 67.25298224821894
842 , 984.6829816704605 , 138.42948014849665
843 , 994.0335198726259 , 102.32763186856302
844 , 998.6141290593197 , 57.84474084766146
845 , 991.2645000890413 , 104.42626838582406
846 , 995.6406197432891 , 63.594952725188506
847 , 997.4645768877183 , 76.3475990428714
848 , 996.3706811587118 , 85.48392860005991
849 , 991.5610543199299 , 136.37402296590594
850 , 991.5267301902376 , 102.36147592367824
851 , 42.357144015473224 , 96.681571824762
852 , 989.4365440374784 , 117.5795647961504
853 , 985.3595226562229 , 160.31334177439552
854 , 995.5577793097539 , 97.4454587221975
855 , 995.513006190632 , 88.86278004273329
856 , 993.4770943937446 , 98.95812729451745
857 , 379.47535884549586 , 78.25255110282556
858 , 992.9485158091335 , 98.79230500550702
859 , 992.3400872752197 , 75.76063965709774
860 , 982.075841825595 , 182.72932864969508
861 , 998.4319122533326 , 74.21243047988274
862 , 998.3792437263577 , 70.93493014879728
863 , 994.8238633672963 , 87.91761961200022
864 , 992.6622784161463 , 85.52715320635807
865 , 28.963455365923565 , 93.7948688461436
866 , 998.4236078640743 , 69.10416992349828
867 , 998.7258357018039 , 71.5136255661699
868 , 997.4713274909418 , 79.07339379720206
869 , 42.493341624235754 , 63.928150511910154
870 , 992.5972457675117 , 92.95981185984363
871 , 995.1466013215992 , 73.08561907951396
872 , 991.6853309068116 , 91.03847601055114
873 , 997.9957081140315 , 78.77450598285749
874 , 997.3501734787731 , 80.59854219470394
875 , 997.3770678936934 , 93.26204837805608
876 , 991.1523661358152 , 133.83886424118964
877 , 991.7788159520821 , 109.8394950441726
878 , 992.023157598728 , 89.01803301096062
879 , 995.9527799394177 , 73.82048450750202
880 , 160.06772406016708 , 48.69804512356223
881 , 992.112009227969 , 69.91794227955783
882 , 996.1812604268937 , 75.39431881993418
883 , 987.3326385620662 , 115.36524899292958
884 , 993.9028026483778 , 97.49437999607684
885 , 995.8351518952143 , 70.5099914033481
886 , 145.77890069913815 , 43.76589962932302
887 , 990.1619112585437 , 86.39694768502578
888 , 987.2836426085988 , 181.15751119728992
889 , 992.5400150652341 , 108.64994663121772
890 , 990.9926301401013 , 99.09785149291523
891 , 997.880800598609 , 66.84934607901516
892 , 42.72227215460769 , 104.31207538539773
893 , 993.0128019679327 , 67.6226080593632
894 , 990.2312455792701 , 141.45598818597873
895 , 996.7949008856368 , 62.889607275379845
896 , 992.1887744919361 , 76.16435835913877
897 , 989.9449299570432 , 78.05324779412814
898 , 997.2354310771013 , 54.16379732297672
899 , 38.914367664187004 , 85.16007115324328
900 , 989.1934635435745 , 76.15518323201037
901 , 984.8470966632977 , 119.96645745158142
902 , 998.3328379190173 , 54.46582108037484
903 , 993.9870436411649 , 78.1891451477376
904 , 990.0319486597258 , 94.90542720036919
905 , 992.9532769319189 , 60.593799675380886
906 , 994.2982805800524 , 58.81187344465001
907 , 990.0976659909808 , 83.75948968702178
908 , 991.395056505225 , 116.05929581334782
909 , 989.7467301558199 , 90.607868528921
910 , 996.6722471319216 , 62.74350249978614
911 , 991.2345022400992 , 86.29153777358664
912 , 320.0482745408401 , 54.06005799163688
913 , 992.167898625599 , 84.14018708545149
914 , 992.7145049990742 , 66.9879447154395
915 , 993.1741440644578 , 67.21325220985182
916 , 996.3218990784017 , 87.02108166549743
917 , 86.38050992695847 , 67.72828703006188
918 , 990.8130344848438 , 136.35682972689756
919 , 990.4557802712259 , 74.23011867737019
920 , 990.5712369415801 , 108.14148735128546
921 , 991.1057546654 , 90.60855538520151
922 , 989.695563398487 , 102.17019300988852
923 , 990.4573619671156 , 114.7123195520968
924 , 46.743966524243824 , 97.89005925651746
925 , 319.6138799860895 , 54.03848993537984
926 , 996.9489973012297 , 72.91316423407703
927 , 992.0386817696555 , 74.24693601162039
928 , 997.3898268395893 , 65.04254631178345
929 , 217.96288762233272 , 67.12733280669353
930 , 991.9086588414057 , 117.92750998282659
931 , 990.5410503657192 , 78.741882291139
932 , 987.6237385883438 , 138.38444628363916
933 , 990.9239590642244 , 68.58800723648471
934 , 989.4207431350549 , 78.57588810656245
935 , 992.7417704802303 , 71.07880731155043
936 , 988.0388497403585 , 71.40867849602047
937 , 997.2249717789632 , 58.78406342240448
938 , 995.6559628178039 , 77.28356003281695
939 , 989.9544350679868 , 88.3436229458134
940 , 995.3818973791322 , 75.44070316948033
941 , 996.8142157777299 , 72.62614184338418
942 , 991.6563699274527 , 70.74804777175304
943 , 43.26793520438517 , 61.238068517750186
944 , 990.4963488864979 , 79.31650569730299
945 , 35.005163389095685 , 80.77330543237112
946 , 997.9992005546846 , 58.277760317161075
947 , 995.0917515114224 , 83.37944929187469
948 , 398.49186753290724 , 71.56026244501454
949 , 997.4769342178039 , 88.23471103726634
950 , 989.8007853221243 , 86.88101800347823
951 , 989.9241375326557 , 124.58164609774074
952 , 177.5019737294239 , 62.473019111982076
953 , 989.3365939148604 , 79.15612665430427
954 , 993.3702157850972 , 94.94535191729962
955 , 990.0350174528187 , 81.95047515481127
956 , 986.3606475111311 , 84.22544180985922
957 , 990.7284484638333 , 85.93356938710119
958 , 989.6940996489798 , 112.37281745565129
959 , 994.4536288468336 , 97.66362070015697
960 , 986.5145002215013 , 107.63894005939612
961 , 967.9068254252479 , 231.1545891061618
962 , 976.0237472691952 , 202.35917750955892
963 , 20.430752222291865 , 80.47697732546621
964 , 987.580630954534 , 144.4246438150668
965 , 997.129102124197 , 73.62470388752455
966 , 989.6645838238311 , 96.43241401389581
967 , 989.5695316627189 , 111.52259212983616
968 , 991.7409512372462 , 116.74418006340721
969 , 995.0652501067539 , 100.68251889325686
970 , 989.6992343620927 , 89.79690571812058
971 , 990.6723299348151 , 137.64867796669532
972 , 991.920591400519 , 91.81445725652758
973 , 996.2778202289627 , 105.20797981215969
974 , 993.0486792407229 , 113.92674861284547
975 , 992.4830363324753 , 115.12150603131506
976 , 997.5079889806627 , 88.08476426145931
977 , 983.9531050726001 , 142.3050177713998
978 , 51.441002757355704 , 70.30546428746072
979 , 991.0073647127049 , 89.18012725231476
980 , 990.2530693154487 , 99.6010621196203
981 , 990.8943124895156 , 102.45394053205995
982 , 997.4978832151924 , 74.70100793962672
983 , 987.4862739958594 , 139.52461317001257
984 , 989.4643403416355 , 96.81524188301248
985 , 997.0202963214253 , 100.73529143180518
986 , 27.06975905264945 , 87.49639316065688
987 , 989.8327838996536 , 102.0111039568952
988 , 236.10905281850717 , 72.42265143130138
989 , 989.6412390768637 , 96.21248810565129
990 , 988.458382963723 , 114.68478165787641
991 , 987.5660933934687 , 110.22927726571018
992 , 991.5369954268887 , 76.69485146938344
993 , 990.6538897542089 , 80.11608226043327
994 , 38.08343507711939 , 81.35945653982019
995 , 989.9606886915747 , 97.52423289614154
996 , 33.141350160530514 , 79.39166839738375
997 , 991.0346123535317 , 53.645153645907214
998 , 40.96007552010457 , 69.4094568354625
999 , 989.7558067654278 , 78.37046175202558
